gen,filename,score
1,"[158, 225]",1.887
1,"[203, 386]",2.077
1,"[117, 328]",2.147
1,"[147, 420]",2.164
1,"[201, 386]",2.166
1,"[141, 260]",2.177
1,"[235, 325]",2.246
1,"[247, 322]",2.25
1,"[95, 419]",2.28
1,"[288, 364]",2.302
1,"[172, 412]",2.317
1,"[128, 264]",2.426
1,"[312, 355]",2.461
1,"[6, 81]",2.549
1,"[225, 275]",2.571
1,"[176, 184]",2.608
1,"[82, 350]",2.612
1,"[27, 220]",2.656
1,"[349, 394]",2.715
1,"[40, 386]",2.752
1,"[65, 287]",2.754
1,"[43, 275]",2.93
1,"[216, 287]",2.987
1,"[239, 401]",2.991
1,"[59, 89]",2.994
1,"[16, 233]",3.054
1,"[228, 422]",3.185
1,"[5, 314]",3.247
1,"[365, 430]",3.379
1,"[350, 406]",3.503
1,"[273, 399]",3.718
1,"[220, 299]",4.138
2,"[158, 225]",1.887
2,"[203, 386]",2.077
2,"[117, 328]",2.147
2,"[147, 420]",2.164
2,"[201, 386]",2.166
2,"[141, 260]",2.177
2,"[105, 386]",2.226
2,"[235, 325]",2.246
2,"[247, 322]",2.25
2,"[150, 420]",2.25
2,"[95, 419]",2.28
2,"[288, 364]",2.302
2,"[172, 412]",2.317
2,"[172, 260]",2.373
2,"[121, 239]",2.409
2,"[128, 264]",2.426
2,"[312, 355]",2.461
2,"[328, 350]",2.483
2,"[109, 394]",2.495
2,"[6, 81]",2.549
2,"[225, 275]",2.571
2,"[176, 184]",2.608
2,"[83, 264]",2.65
2,"[168, 401]",2.766
2,"[319, 355]",2.926
2,"[65, 314]",3.191
2,"[43, 225]",3.562
2,"[228, 372]",3.565
2,"[89, 299]",3.679
2,"[349, 444]",3.79
2,"[9, 299]",4.041
2,"[5, 299]",4.121
3,"[158, 225]",1.887
3,"[141, 386]",1.948
3,"[91, 350]",2.013
3,"[117, 386]",2.042
3,"[203, 386]",2.077
3,"[19, 420]",2.121
3,"[81, 171]",2.122
3,"[117, 328]",2.147
3,"[147, 420]",2.164
3,"[201, 386]",2.166
3,"[141, 260]",2.177
3,"[105, 386]",2.226
3,"[235, 325]",2.246
3,"[247, 322]",2.25
3,"[150, 420]",2.25
3,"[223, 401]",2.259
3,"[95, 419]",2.28
3,"[288, 364]",2.302
3,"[172, 412]",2.317
3,"[172, 260]",2.373
3,"[121, 239]",2.409
3,"[128, 264]",2.426
3,"[76, 176]",2.487
3,"[11, 350]",2.644
3,"[225, 328]",2.7
3,"[150, 419]",2.729
3,"[168, 355]",2.751
3,"[172, 299]",2.799
3,"[147, 205]",2.86
3,"[144, 247]",3.194
3,"[81, 349]",3.686
3,"[106, 128]",3.851
4,"[147, 266]",1.147
4,"[158, 225]",1.887
4,"[141, 386]",1.948
4,"[91, 350]",2.013
4,"[141, 328]",2.024
4,"[117, 386]",2.042
4,"[225, 420]",2.069
4,"[203, 386]",2.077
4,"[19, 420]",2.121
4,"[81, 171]",2.122
4,"[117, 328]",2.147
4,"[147, 420]",2.164
4,"[201, 386]",2.166
4,"[141, 260]",2.177
4,"[57, 141]",2.194
4,"[105, 386]",2.226
4,"[231, 264]",2.23
4,"[12, 288]",2.245
4,"[235, 325]",2.246
4,"[150, 420]",2.25
4,"[247, 322]",2.25
4,"[223, 401]",2.259
4,"[95, 419]",2.28
4,"[56, 172]",2.476
4,"[340, 386]",2.552
4,"[5, 420]",2.602
4,"[76, 355]",2.684
4,"[141, 377]",2.758
4,"[168, 377]",3.015
4,"[290, 386]",3.069
4,"[349, 440]",3.276
4,"[105, 290]",3.298
5,"[204, 266]",0.154
5,"[147, 266]",1.147
5,"[91, 290]",1.759
5,"[158, 225]",1.887
5,"[288, 420]",1.944
5,"[150, 307]",1.947
5,"[141, 386]",1.948
5,"[141, 171]",1.981
5,"[91, 350]",2.013
5,"[141, 328]",2.024
5,"[117, 386]",2.042
5,"[147, 386]",2.049
5,"[225, 420]",2.069
5,"[203, 386]",2.077
5,"[8, 76]",2.108
5,"[19, 420]",2.121
5,"[81, 171]",2.122
5,"[117, 328]",2.147
5,"[223, 420]",2.153
5,"[147, 420]",2.164
5,"[201, 386]",2.166
5,"[141, 260]",2.177
5,"[57, 141]",2.194
5,"[105, 386]",2.226
5,"[81, 386]",2.233
5,"[340, 420]",2.305
5,"[231, 407]",2.443
5,"[349, 420]",2.645
5,"[19, 156]",3.667
5,"[325, 413]",3.98
5,"[5, 35]",10
5,"[225, 278]",10
6,"[204, 266]",0.154
6,"[147, 266]",1.147
6,"[91, 117]",1.719
6,"[91, 290]",1.759
6,"[158, 225]",1.887
6,"[288, 420]",1.944
6,"[150, 307]",1.947
6,"[141, 386]",1.948
6,"[141, 171]",1.981
6,"[91, 350]",2.013
6,"[141, 328]",2.024
6,"[117, 171]",2.041
6,"[117, 386]",2.042
6,"[147, 386]",2.049
6,"[225, 420]",2.069
6,"[203, 386]",2.077
6,"[8, 76]",2.108
6,"[41, 420]",2.121
6,"[19, 420]",2.121
6,"[81, 274]",2.129
6,"[57, 420]",2.141
6,"[171, 225]",2.143
6,"[225, 386]",2.231
6,"[158, 266]",2.403
6,"[105, 438]",2.435
6,"[207, 420]",2.52
6,"[35, 147]",2.55
6,"[5, 420]",2.602
6,"[19, 350]",2.609
6,"[226, 386]",2.88
6,"[5, 386]",3.088
6,"[116, 413]",4.579
7,"[204, 266]",0.154
7,"[147, 266]",1.147
7,"[91, 117]",1.719
7,"[91, 290]",1.759
7,"[158, 225]",1.887
7,"[288, 420]",1.944
7,"[150, 307]",1.947
7,"[141, 386]",1.948
7,"[141, 171]",1.981
7,"[171, 203]",2.006
7,"[91, 350]",2.013
7,"[141, 328]",2.024
7,"[420, 434]",2.031
7,"[117, 171]",2.041
7,"[117, 386]",2.042
7,"[147, 386]",2.049
7,"[171, 394]",2.063
7,"[225, 420]",2.069
7,"[203, 386]",2.077
7,"[19, 420]",2.121
7,"[57, 72]",2.125
7,"[76, 147]",2.125
7,"[158, 420]",2.128
7,"[105, 274]",2.146
7,"[150, 420]",2.25
7,"[19, 76]",2.542
7,"[105, 294]",2.951
7,"[147, 290]",2.97
7,"[85, 290]",3.224
7,"[225, 290]",3.359
7,"[5, 309]",4.114
7,"[141, 266]",10
8,"[204, 266]",0.154
8,"[147, 266]",1.147
8,"[87, 420]",1.609
8,"[91, 117]",1.719
8,"[91, 290]",1.759
8,"[147, 302]",1.804
8,"[158, 225]",1.887
8,"[288, 420]",1.944
8,"[150, 307]",1.947
8,"[141, 386]",1.948
8,"[158, 171]",1.973
8,"[141, 171]",1.981
8,"[171, 203]",2.006
8,"[91, 350]",2.013
8,"[141, 328]",2.024
8,"[420, 434]",2.031
8,"[117, 171]",2.041
8,"[117, 386]",2.042
8,"[147, 386]",2.049
8,"[91, 289]",2.056
8,"[141, 274]",2.058
8,"[229, 386]",2.088
8,"[158, 350]",2.122
8,"[171, 225]",2.143
8,"[225, 274]",2.168
8,"[86, 203]",2.236
8,"[386, 396]",2.535
8,"[245, 266]",2.884
8,"[105, 185]",3.365
8,"[9, 105]",3.65
8,"[5, 350]",3.73
8,"[173, 266]",10
9,"[204, 266]",0.154
9,"[147, 266]",1.147
9,"[214, 307]",1.378
9,"[141, 365]",1.475
9,"[87, 420]",1.609
9,"[91, 117]",1.719
9,"[91, 290]",1.759
9,"[225, 263]",1.768
9,"[147, 302]",1.804
9,"[158, 225]",1.887
9,"[288, 420]",1.944
9,"[150, 307]",1.947
9,"[141, 386]",1.948
9,"[158, 171]",1.973
9,"[141, 171]",1.981
9,"[171, 203]",2.006
9,"[91, 350]",2.013
9,"[141, 328]",2.024
9,"[420, 434]",2.031
9,"[91, 420]",2.076
9,"[203, 204]",2.082
9,"[87, 91]",2.119
9,"[158, 350]",2.122
9,"[171, 254]",2.124
9,"[147, 350]",2.194
9,"[141, 307]",2.234
9,"[203, 388]",2.277
9,"[185, 284]",2.319
9,"[266, 420]",2.477
9,"[91, 425]",2.548
9,"[5, 203]",3.095
9,"[290, 444]",4.318
10,"[204, 266]",0.154
10,"[147, 266]",1.147
10,"[214, 307]",1.378
10,"[141, 365]",1.475
10,"[91, 430]",1.508
10,"[87, 420]",1.609
10,"[91, 117]",1.719
10,"[91, 290]",1.759
10,"[225, 263]",1.768
10,"[147, 302]",1.804
10,"[158, 225]",1.887
10,"[288, 420]",1.944
10,"[150, 307]",1.947
10,"[141, 386]",1.948
10,"[158, 171]",1.973
10,"[141, 171]",1.981
10,"[141, 203]",1.982
10,"[171, 203]",2.006
10,"[141, 328]",2.024
10,"[386, 403]",2.074
10,"[141, 358]",2.116
10,"[270, 420]",2.129
10,"[195, 350]",2.168
10,"[203, 215]",2.178
10,"[20, 420]",2.198
10,"[19, 141]",2.284
10,"[87, 93]",2.647
10,"[420, 425]",2.884
10,"[87, 225]",2.942
10,"[290, 436]",3.299
10,"[141, 190]",3.951
10,"[106, 425]",4.402
11,"[204, 266]",0.154
11,"[147, 266]",1.147
11,"[214, 307]",1.378
11,"[141, 365]",1.475
11,"[87, 171]",1.485
11,"[91, 430]",1.508
11,"[87, 420]",1.609
11,"[91, 117]",1.719
11,"[91, 290]",1.759
11,"[225, 263]",1.768
11,"[147, 302]",1.804
11,"[335, 420]",1.84
11,"[158, 225]",1.887
11,"[288, 420]",1.944
11,"[150, 307]",1.947
11,"[141, 386]",1.948
11,"[158, 171]",1.973
11,"[141, 171]",1.981
11,"[225, 420]",2.069
11,"[19, 420]",2.121
11,"[91, 202]",2.163
11,"[150, 288]",2.222
11,"[112, 386]",2.224
11,"[328, 351]",2.337
11,"[29, 158]",2.452
11,"[74, 225]",2.673
11,"[19, 270]",2.731
11,"[250, 270]",2.768
11,"[266, 387]",2.973
11,"[129, 290]",3.102
11,"[158, 425]",3.629
11,"[256, 425]",4.315
12,"[204, 266]",0.154
12,"[147, 266]",1.147
12,"[214, 307]",1.378
12,"[75, 87]",1.459
12,"[141, 365]",1.475
12,"[87, 274]",1.477
12,"[87, 171]",1.485
12,"[91, 430]",1.508
12,"[87, 420]",1.609
12,"[91, 117]",1.719
12,"[91, 290]",1.759
12,"[225, 263]",1.768
12,"[147, 302]",1.804
12,"[335, 420]",1.84
12,"[158, 225]",1.887
12,"[288, 420]",1.944
12,"[150, 307]",1.947
12,"[141, 386]",1.948
12,"[158, 442]",1.997
12,"[74, 320]",2.113
12,"[171, 224]",2.204
12,"[29, 115]",2.24
12,"[141, 383]",2.272
12,"[150, 171]",2.3
12,"[225, 443]",2.581
12,"[236, 328]",2.606
12,"[162, 270]",2.714
12,"[19, 228]",3.054
12,"[112, 283]",3.389
12,"[91, 383]",3.872
12,"[225, 406]",4.291
12,"[24, 214]",10
13,"[204, 266]",0.154
13,"[147, 266]",1.147
13,"[21, 302]",1.263
13,"[214, 307]",1.378
13,"[75, 87]",1.459
13,"[141, 365]",1.475
13,"[87, 274]",1.477
13,"[87, 171]",1.485
13,"[91, 430]",1.508
13,"[87, 420]",1.609
13,"[263, 335]",1.612
13,"[91, 117]",1.719
13,"[91, 290]",1.759
13,"[225, 263]",1.768
13,"[147, 302]",1.804
13,"[335, 420]",1.84
13,"[91, 335]",1.844
13,"[98, 158]",1.874
13,"[158, 225]",1.887
13,"[288, 420]",1.944
13,"[23, 420]",2.036
13,"[204, 442]",2.111
13,"[293, 420]",2.143
13,"[158, 320]",2.185
13,"[29, 307]",2.292
13,"[236, 431]",2.296
13,"[117, 225]",2.37
13,"[141, 416]",2.485
13,"[150, 188]",2.523
13,"[214, 357]",3.275
13,"[190, 204]",3.395
13,"[307, 371]",10
14,"[204, 266]",0.154
14,"[302, 326]",1.006
14,"[147, 266]",1.147
14,"[21, 302]",1.263
14,"[214, 307]",1.378
14,"[87, 360]",1.4
14,"[87, 158]",1.456
14,"[75, 87]",1.459
14,"[141, 365]",1.475
14,"[87, 274]",1.477
14,"[87, 171]",1.485
14,"[91, 430]",1.508
14,"[87, 420]",1.609
14,"[263, 335]",1.612
14,"[91, 117]",1.719
14,"[91, 290]",1.759
14,"[225, 263]",1.768
14,"[147, 302]",1.804
14,"[91, 263]",1.815
14,"[335, 420]",1.84
14,"[141, 431]",1.913
14,"[236, 274]",2.129
14,"[55, 274]",2.15
14,"[141, 158]",2.159
14,"[87, 263]",2.167
14,"[91, 111]",2.273
14,"[288, 346]",2.347
14,"[29, 371]",2.366
14,"[423, 430]",2.412
14,"[150, 161]",2.958
14,"[111, 190]",3.778
14,"[188, 307]",10
15,"[204, 266]",0.154
15,"[302, 326]",1.006
15,"[147, 266]",1.147
15,"[21, 302]",1.263
15,"[214, 307]",1.378
15,"[87, 360]",1.4
15,"[87, 158]",1.456
15,"[75, 87]",1.459
15,"[141, 365]",1.475
15,"[87, 274]",1.477
15,"[87, 171]",1.485
15,"[91, 430]",1.508
15,"[87, 420]",1.609
15,"[263, 335]",1.612
15,"[91, 117]",1.719
15,"[91, 290]",1.759
15,"[111, 129]",2.006
15,"[158, 251]",2.045
15,"[91, 331]",2.061
15,"[91, 420]",2.076
15,"[236, 420]",2.093
15,"[21, 431]",2.122
15,"[91, 310]",2.14
15,"[225, 431]",2.238
15,"[29, 307]",2.292
15,"[43, 263]",2.296
15,"[326, 424]",2.575
15,"[161, 192]",2.812
15,"[87, 144]",2.838
15,"[87, 430]",3.468
15,"[190, 341]",3.929
15,"[181, 430]",4.354
16,"[204, 266]",0.154
16,"[302, 326]",1.006
16,"[147, 266]",1.147
16,"[21, 302]",1.263
16,"[214, 307]",1.378
16,"[87, 360]",1.4
16,"[87, 158]",1.456
16,"[75, 87]",1.459
16,"[141, 365]",1.475
16,"[87, 274]",1.477
16,"[87, 171]",1.485
16,"[91, 430]",1.508
16,"[87, 420]",1.609
16,"[263, 335]",1.612
16,"[111, 424]",1.704
16,"[91, 117]",1.719
16,"[91, 290]",1.759
16,"[91, 171]",2.076
16,"[21, 33]",2.083
16,"[130, 263]",2.162
16,"[91, 134]",2.447
16,"[218, 331]",2.508
16,"[190, 274]",2.797
16,"[87, 334]",2.798
16,"[21, 35]",2.849
16,"[326, 371]",2.906
16,"[332, 424]",2.947
16,"[114, 326]",3.037
16,"[87, 430]",3.468
16,"[133, 302]",3.64
16,"[190, 273]",3.904
16,"[29, 420]",10
17,"[204, 266]",0.154
17,"[302, 326]",1.006
17,"[147, 266]",1.147
17,"[302, 391]",1.22
17,"[21, 302]",1.263
17,"[214, 307]",1.378
17,"[87, 360]",1.4
17,"[87, 158]",1.456
17,"[75, 87]",1.459
17,"[141, 365]",1.475
17,"[87, 274]",1.477
17,"[87, 171]",1.485
17,"[91, 430]",1.508
17,"[87, 420]",1.609
17,"[263, 335]",1.612
17,"[91, 326]",1.627
17,"[263, 440]",1.689
17,"[111, 424]",1.704
17,"[91, 117]",1.719
17,"[120, 302]",1.767
17,"[258, 274]",2.09
17,"[76, 147]",2.125
17,"[21, 233]",2.333
17,"[87, 424]",2.514
17,"[147, 395]",2.568
17,"[332, 360]",2.864
17,"[326, 368]",2.923
17,"[326, 340]",2.923
17,"[21, 133]",3.061
17,"[21, 273]",3.181
17,"[87, 371]",3.195
17,"[130, 389]",10
18,"[204, 266]",0.154
18,"[302, 326]",1.006
18,"[147, 266]",1.147
18,"[302, 391]",1.22
18,"[21, 302]",1.263
18,"[87, 335]",1.301
18,"[214, 307]",1.378
18,"[87, 360]",1.4
18,"[87, 158]",1.456
18,"[75, 87]",1.459
18,"[87, 233]",1.471
18,"[141, 365]",1.475
18,"[87, 274]",1.477
18,"[87, 171]",1.485
18,"[91, 430]",1.508
18,"[87, 420]",1.609
18,"[263, 335]",1.612
18,"[91, 326]",1.627
18,"[147, 273]",1.785
18,"[91, 233]",1.865
18,"[111, 214]",2.056
18,"[274, 279]",2.327
18,"[87, 328]",2.681
18,"[266, 332]",2.866
18,"[154, 266]",2.891
18,"[21, 444]",2.949
18,"[326, 349]",3.253
18,"[211, 326]",3.296
18,"[76, 430]",3.475
18,"[87, 245]",3.613
18,"[21, 266]",10
18,"[76, 266]",10
19,"[204, 266]",0.154
19,"[302, 326]",1.006
19,"[147, 266]",1.147
19,"[302, 391]",1.22
19,"[21, 302]",1.263
19,"[87, 335]",1.301
19,"[214, 307]",1.378
19,"[87, 360]",1.4
19,"[87, 158]",1.456
19,"[75, 87]",1.459
19,"[87, 233]",1.471
19,"[141, 365]",1.475
19,"[87, 274]",1.477
19,"[87, 171]",1.485
19,"[91, 430]",1.508
19,"[87, 420]",1.609
19,"[204, 315]",1.739
19,"[263, 331]",1.84
19,"[87, 266]",2.016
19,"[204, 444]",2.094
19,"[214, 403]",2.529
19,"[75, 446]",2.569
19,"[87, 369]",2.579
19,"[233, 278]",2.733
19,"[23, 87]",2.76
19,"[87, 444]",3.346
19,"[76, 276]",3.4
19,"[309, 326]",3.421
19,"[87, 273]",3.6
19,"[211, 430]",4.059
19,"[266, 431]",10
19,"[211, 349]",10
20,"[91, 315]",0.082
20,"[204, 266]",0.154
20,"[266, 305]",0.642
20,"[302, 326]",1.006
20,"[147, 266]",1.147
20,"[302, 391]",1.22
20,"[21, 302]",1.263
20,"[87, 335]",1.301
20,"[18, 87]",1.359
20,"[214, 307]",1.378
20,"[87, 360]",1.4
20,"[87, 158]",1.456
20,"[75, 87]",1.459
20,"[87, 233]",1.471
20,"[141, 365]",1.475
20,"[87, 274]",1.477
20,"[87, 171]",1.485
20,"[91, 430]",1.508
20,"[266, 391]",1.521
20,"[87, 420]",1.609
20,"[204, 420]",2.112
20,"[76, 288]",2.215
20,"[288, 307]",2.263
20,"[266, 420]",2.477
20,"[155, 204]",2.639
20,"[87, 89]",2.807
20,"[87, 102]",2.818
20,"[4, 369]",2.821
20,"[276, 278]",2.824
20,"[41, 315]",3.03
20,"[87, 444]",3.346
20,"[70, 391]",3.47
21,"[91, 315]",0.082
21,"[204, 266]",0.154
21,"[266, 305]",0.642
21,"[302, 326]",1.006
21,"[147, 266]",1.147
21,"[302, 391]",1.22
21,"[21, 302]",1.263
21,"[302, 410]",1.267
21,"[87, 335]",1.301
21,"[18, 87]",1.359
21,"[214, 307]",1.378
21,"[87, 360]",1.4
21,"[87, 158]",1.456
21,"[75, 87]",1.459
21,"[87, 233]",1.471
21,"[141, 365]",1.475
21,"[87, 274]",1.477
21,"[87, 171]",1.485
21,"[62, 158]",2.172
21,"[89, 313]",2.224
21,"[201, 360]",2.281
21,"[269, 288]",2.294
21,"[76, 360]",2.34
21,"[5, 288]",2.442
21,"[233, 355]",2.468
21,"[236, 266]",2.514
21,"[373, 391]",2.611
21,"[54, 326]",2.692
21,"[102, 326]",2.848
21,"[76, 164]",2.883
21,"[160, 278]",3.207
21,"[147, 430]",3.646
22,"[91, 315]",0.082
22,"[204, 266]",0.154
22,"[266, 305]",0.642
22,"[302, 326]",1.006
22,"[147, 266]",1.147
22,"[302, 391]",1.22
22,"[21, 302]",1.263
22,"[302, 410]",1.267
22,"[87, 335]",1.301
22,"[18, 87]",1.359
22,"[214, 307]",1.378
22,"[87, 360]",1.4
22,"[87, 158]",1.456
22,"[75, 87]",1.459
22,"[87, 233]",1.471
22,"[141, 365]",1.475
22,"[171, 204]",2.028
22,"[147, 158]",2.197
22,"[326, 431]",2.212
22,"[233, 288]",2.231
22,"[288, 294]",2.288
22,"[269, 288]",2.294
22,"[161, 201]",2.441
22,"[235, 410]",2.516
22,"[212, 326]",2.529
22,"[21, 355]",2.581
22,"[216, 360]",2.607
22,"[54, 75]",2.661
22,"[253, 326]",2.74
22,"[87, 114]",3.193
22,"[207, 391]",4.76
22,"[127, 266]",10
23,"[91, 315]",0.082
23,"[204, 266]",0.154
23,"[266, 305]",0.642
23,"[302, 326]",1.006
23,"[266, 354]",1.103
23,"[147, 266]",1.147
23,"[302, 391]",1.22
23,"[21, 302]",1.263
23,"[302, 410]",1.267
23,"[87, 335]",1.301
23,"[18, 87]",1.359
23,"[214, 307]",1.378
23,"[87, 360]",1.4
23,"[203, 365]",1.423
23,"[87, 158]",1.456
23,"[75, 87]",1.459
23,"[87, 233]",1.471
23,"[141, 365]",1.475
23,"[117, 147]",1.954
23,"[147, 436]",2.138
23,"[6, 147]",2.162
23,"[161, 203]",2.312
23,"[233, 247]",2.447
23,"[212, 251]",2.517
23,"[288, 314]",2.531
23,"[18, 335]",2.58
23,"[171, 307]",2.715
23,"[87, 177]",2.913
23,"[87, 154]",3.073
23,"[190, 233]",3.218
23,"[87, 344]",3.316
23,"[207, 410]",4.133
24,"[91, 315]",0.082
24,"[204, 266]",0.154
24,"[266, 305]",0.642
24,"[302, 326]",1.006
24,"[266, 354]",1.103
24,"[147, 266]",1.147
24,"[302, 391]",1.22
24,"[21, 302]",1.263
24,"[302, 410]",1.267
24,"[87, 335]",1.301
24,"[87, 302]",1.333
24,"[18, 87]",1.359
24,"[219, 302]",1.373
24,"[214, 307]",1.378
24,"[87, 360]",1.4
24,"[203, 365]",1.423
24,"[87, 158]",1.456
24,"[75, 87]",1.459
24,"[87, 87]",1.524
24,"[233, 365]",1.594
24,"[6, 365]",1.601
24,"[154, 158]",1.81
24,"[87, 307]",1.988
24,"[147, 233]",2.098
24,"[188, 266]",2.135
24,"[132, 141]",2.363
24,"[21, 391]",2.547
24,"[129, 247]",2.639
24,"[154, 244]",2.758
24,"[97, 251]",3.012
24,"[141, 414]",10
24,"[29, 266]",10
25,"[91, 315]",0.082
25,"[204, 266]",0.154
25,"[266, 305]",0.642
25,"[302, 326]",1.006
25,"[266, 354]",1.103
25,"[147, 266]",1.147
25,"[87, 414]",1.184
25,"[302, 391]",1.22
25,"[21, 302]",1.263
25,"[69, 302]",1.266
25,"[302, 410]",1.267
25,"[87, 335]",1.301
25,"[87, 302]",1.333
25,"[18, 87]",1.359
25,"[79, 87]",1.361
25,"[219, 302]",1.373
25,"[214, 307]",1.378
25,"[87, 360]",1.4
25,"[203, 365]",1.423
25,"[141, 365]",1.475
25,"[233, 266]",1.902
25,"[141, 380]",2.004
25,"[6, 158]",2.005
25,"[84, 266]",2.27
25,"[21, 305]",2.432
25,"[87, 257]",2.461
25,"[204, 291]",2.487
25,"[219, 247]",2.493
25,"[154, 307]",2.867
25,"[266, 307]",2.976
25,"[87, 410]",3.069
25,"[137, 391]",4.213
26,"[91, 315]",0.082
26,"[204, 266]",0.154
26,"[266, 386]",0.282
26,"[266, 305]",0.642
26,"[302, 326]",1.006
26,"[266, 354]",1.103
26,"[189, 302]",1.133
26,"[147, 266]",1.147
26,"[87, 414]",1.184
26,"[302, 391]",1.22
26,"[21, 302]",1.263
26,"[69, 302]",1.266
26,"[302, 410]",1.267
26,"[87, 335]",1.301
26,"[87, 302]",1.333
26,"[18, 87]",1.359
26,"[79, 87]",1.361
26,"[219, 302]",1.373
26,"[302, 302]",1.387
26,"[203, 365]",1.423
26,"[87, 142]",1.561
26,"[91, 257]",1.785
26,"[91, 380]",1.951
26,"[21, 122]",1.994
26,"[141, 391]",2.228
26,"[39, 214]",2.262
26,"[204, 307]",2.768
26,"[87, 219]",2.788
26,"[183, 214]",2.981
26,"[219, 389]",3.027
26,"[266, 266]",3.19
26,"[291, 445]",3.254
27,"[91, 315]",0.082
27,"[204, 266]",0.154
27,"[266, 386]",0.282
27,"[266, 305]",0.642
27,"[302, 326]",1.006
27,"[266, 354]",1.103
27,"[189, 302]",1.133
27,"[147, 266]",1.147
27,"[87, 414]",1.184
27,"[214, 302]",1.206
27,"[302, 391]",1.22
27,"[21, 302]",1.263
27,"[69, 302]",1.266
27,"[302, 410]",1.267
27,"[87, 335]",1.301
27,"[87, 302]",1.333
27,"[18, 87]",1.359
27,"[87, 142]",1.561
27,"[87, 201]",1.589
27,"[39, 122]",2.147
27,"[219, 335]",2.152
27,"[39, 389]",2.383
27,"[214, 438]",2.499
27,"[21, 391]",2.547
27,"[219, 391]",2.68
27,"[21, 326]",2.76
27,"[87, 240]",2.844
27,"[18, 266]",2.967
27,"[98, 302]",3.064
27,"[266, 414]",3.12
27,"[21, 266]",10
27,"[204, 414]",10
28,"[91, 315]",0.082
28,"[204, 266]",0.154
28,"[266, 386]",0.282
28,"[266, 302]",0.426
28,"[266, 305]",0.642
28,"[302, 326]",1.006
28,"[266, 354]",1.103
28,"[189, 302]",1.133
28,"[147, 266]",1.147
28,"[240, 302]",1.171
28,"[87, 414]",1.184
28,"[214, 302]",1.206
28,"[302, 391]",1.22
28,"[21, 302]",1.263
28,"[69, 302]",1.266
28,"[302, 410]",1.267
28,"[87, 335]",1.301
28,"[87, 302]",1.333
28,"[142, 219]",2.346
28,"[201, 214]",2.454
28,"[302, 305]",2.533
28,"[21, 362]",2.536
28,"[36, 326]",2.549
28,"[166, 354]",2.637
28,"[87, 391]",2.818
28,"[73, 266]",2.858
28,"[18, 266]",2.967
28,"[266, 266]",3.19
28,"[87, 340]",3.291
28,"[21, 266]",10
28,"[232, 266]",10
28,"[266, 400]",10
29,"[91, 315]",0.082
29,"[204, 266]",0.154
29,"[266, 386]",0.282
29,"[266, 302]",0.426
29,"[266, 305]",0.642
29,"[302, 326]",1.006
29,"[266, 354]",1.103
29,"[189, 302]",1.133
29,"[147, 266]",1.147
29,"[240, 302]",1.171
29,"[87, 414]",1.184
29,"[214, 302]",1.206
29,"[302, 391]",1.22
29,"[21, 302]",1.263
29,"[69, 302]",1.266
29,"[302, 410]",1.267
29,"[302, 371]",1.294
29,"[238, 302]",1.383
29,"[302, 302]",1.387
29,"[69, 400]",1.499
29,"[87, 266]",2.016
29,"[91, 166]",2.025
29,"[36, 57]",2.442
29,"[410, 443]",2.484
29,"[87, 183]",2.714
29,"[166, 266]",2.741
29,"[201, 348]",2.756
29,"[87, 214]",2.805
29,"[18, 311]",2.807
29,"[219, 266]",2.981
29,"[21, 227]",3.162
29,"[21, 266]",10
30,"[91, 315]",0.082
30,"[204, 266]",0.154
30,"[266, 386]",0.282
30,"[266, 302]",0.426
30,"[266, 305]",0.642
30,"[302, 326]",1.006
30,"[266, 354]",1.103
30,"[189, 302]",1.133
30,"[147, 266]",1.147
30,"[240, 302]",1.171
30,"[87, 414]",1.184
30,"[214, 302]",1.206
30,"[302, 391]",1.22
30,"[21, 302]",1.263
30,"[69, 302]",1.266
30,"[302, 410]",1.267
30,"[152, 414]",1.34
30,"[281, 414]",1.345
30,"[302, 302]",1.387
30,"[18, 302]",1.478
30,"[204, 302]",1.518
30,"[10, 87]",1.766
30,"[302, 376]",1.86
30,"[45, 147]",2.082
30,"[36, 302]",2.345
30,"[88, 400]",2.593
30,"[50, 354]",2.693
30,"[329, 410]",2.933
30,"[221, 266]",3.222
30,"[240, 311]",3.415
30,"[107, 302]",3.503
30,"[21, 414]",10
31,"[91, 315]",0.082
31,"[204, 266]",0.154
31,"[266, 386]",0.282
31,"[266, 302]",0.426
31,"[266, 305]",0.642
31,"[302, 326]",1.006
31,"[266, 354]",1.103
31,"[189, 302]",1.133
31,"[147, 266]",1.147
31,"[240, 302]",1.171
31,"[87, 414]",1.184
31,"[214, 302]",1.206
31,"[302, 391]",1.22
31,"[87, 352]",1.252
31,"[21, 302]",1.263
31,"[69, 302]",1.266
31,"[302, 410]",1.267
31,"[302, 302]",1.387
31,"[262, 266]",1.585
31,"[266, 315]",1.951
31,"[147, 240]",2.122
31,"[90, 376]",2.249
31,"[79, 91]",2.293
31,"[21, 354]",2.389
31,"[107, 354]",2.46
31,"[107, 419]",2.632
31,"[19, 354]",2.709
31,"[152, 188]",2.97
31,"[249, 266]",3.224
31,"[204, 341]",3.391
31,"[107, 302]",3.503
31,"[211, 410]",3.679
32,"[91, 315]",0.082
32,"[204, 266]",0.154
32,"[266, 386]",0.282
32,"[266, 302]",0.426
32,"[266, 305]",0.642
32,"[302, 326]",1.006
32,"[266, 354]",1.103
32,"[189, 302]",1.133
32,"[147, 266]",1.147
32,"[240, 302]",1.171
32,"[87, 414]",1.184
32,"[214, 302]",1.206
32,"[302, 391]",1.22
32,"[87, 352]",1.252
32,"[21, 302]",1.263
32,"[69, 302]",1.266
32,"[79, 352]",1.341
32,"[69, 175]",1.588
32,"[28, 315]",1.836
32,"[214, 266]",1.85
32,"[188, 308]",2.051
32,"[56, 204]",2.563
32,"[87, 369]",2.579
32,"[249, 354]",2.679
32,"[19, 354]",2.709
32,"[224, 354]",2.849
32,"[266, 419]",3.075
32,"[302, 353]",3.092
32,"[189, 441]",3.29
32,"[152, 410]",3.729
32,"[70, 214]",3.783
32,"[349, 410]",3.801
33,"[91, 315]",0.082
33,"[204, 266]",0.154
33,"[266, 386]",0.282
33,"[266, 302]",0.426
33,"[266, 305]",0.642
33,"[188, 352]",0.656
33,"[302, 326]",1.006
33,"[266, 354]",1.103
33,"[189, 302]",1.133
33,"[147, 266]",1.147
33,"[240, 302]",1.171
33,"[87, 414]",1.184
33,"[214, 302]",1.206
33,"[302, 391]",1.22
33,"[87, 352]",1.252
33,"[21, 302]",1.263
33,"[69, 302]",1.266
33,"[302, 302]",1.387
33,"[6, 87]",1.425
33,"[252, 266]",1.9
33,"[79, 386]",2.105
33,"[318, 354]",2.208
33,"[228, 308]",2.337
33,"[61, 188]",2.41
33,"[224, 257]",2.585
33,"[204, 349]",2.847
33,"[188, 216]",2.848
33,"[240, 410]",2.984
33,"[28, 104]",2.999
33,"[189, 391]",3.043
33,"[56, 266]",3.048
33,"[124, 249]",3.314
34,"[91, 315]",0.082
34,"[204, 266]",0.154
34,"[266, 386]",0.282
34,"[266, 302]",0.426
34,"[266, 305]",0.642
34,"[188, 352]",0.656
34,"[302, 326]",1.006
34,"[266, 354]",1.103
34,"[189, 302]",1.133
34,"[147, 266]",1.147
34,"[240, 302]",1.171
34,"[87, 414]",1.184
34,"[214, 302]",1.206
34,"[302, 391]",1.22
34,"[87, 352]",1.252
34,"[21, 302]",1.263
34,"[124, 302]",1.379
34,"[173, 302]",1.499
34,"[302, 390]",1.565
34,"[79, 386]",2.105
34,"[171, 354]",2.221
34,"[228, 403]",2.305
34,"[8, 354]",2.318
34,"[188, 326]",2.346
34,"[87, 188]",2.463
34,"[92, 266]",2.519
34,"[6, 352]",2.552
34,"[124, 233]",2.609
34,"[116, 266]",2.84
34,"[56, 306]",2.973
34,"[189, 349]",3.815
34,"[302, 315]",10
35,"[91, 315]",0.082
35,"[204, 266]",0.154
35,"[266, 386]",0.282
35,"[266, 302]",0.426
35,"[266, 305]",0.642
35,"[188, 352]",0.656
35,"[266, 352]",0.865
35,"[302, 326]",1.006
35,"[192, 414]",1.079
35,"[338, 352]",1.079
35,"[266, 354]",1.103
35,"[189, 302]",1.133
35,"[147, 266]",1.147
35,"[240, 302]",1.171
35,"[87, 414]",1.184
35,"[301, 302]",1.197
35,"[214, 302]",1.206
35,"[302, 391]",1.22
35,"[87, 352]",1.252
35,"[21, 302]",1.263
35,"[302, 375]",1.323
35,"[87, 354]",1.551
35,"[91, 354]",2.094
35,"[247, 403]",2.287
35,"[188, 326]",2.346
35,"[173, 315]",2.429
35,"[147, 349]",2.539
35,"[302, 354]",2.711
35,"[20, 302]",3.178
35,"[116, 391]",3.224
35,"[65, 302]",3.25
35,"[240, 349]",4.122
36,"[91, 315]",0.082
36,"[204, 266]",0.154
36,"[266, 386]",0.282
36,"[266, 302]",0.426
36,"[266, 305]",0.642
36,"[188, 352]",0.656
36,"[266, 352]",0.865
36,"[302, 326]",1.006
36,"[192, 414]",1.079
36,"[338, 352]",1.079
36,"[266, 354]",1.103
36,"[189, 302]",1.133
36,"[147, 266]",1.147
36,"[240, 302]",1.171
36,"[87, 414]",1.184
36,"[301, 302]",1.197
36,"[214, 302]",1.206
36,"[302, 352]",1.268
36,"[204, 315]",1.739
36,"[173, 421]",2.108
36,"[65, 266]",2.493
36,"[189, 354]",2.646
36,"[173, 436]",2.669
36,"[151, 188]",2.693
36,"[113, 301]",2.804
36,"[188, 332]",2.806
36,"[214, 326]",2.881
36,"[354, 384]",2.906
36,"[246, 326]",3.094
36,"[20, 249]",3.608
36,"[302, 315]",10
36,"[51, 266]",10
37,"[91, 315]",0.082
37,"[204, 266]",0.154
37,"[266, 370]",0.182
37,"[266, 386]",0.282
37,"[266, 302]",0.426
37,"[266, 305]",0.642
37,"[188, 352]",0.656
37,"[266, 352]",0.865
37,"[302, 326]",1.006
37,"[338, 352]",1.079
37,"[192, 414]",1.079
37,"[266, 354]",1.103
37,"[189, 302]",1.133
37,"[147, 266]",1.147
37,"[240, 302]",1.171
37,"[87, 414]",1.184
37,"[219, 352]",1.19
37,"[302, 338]",1.191
37,"[301, 302]",1.197
37,"[302, 422]",1.385
37,"[17, 188]",2.099
37,"[204, 305]",2.25
37,"[293, 301]",2.424
37,"[142, 354]",2.708
37,"[301, 384]",2.711
37,"[173, 305]",2.75
37,"[338, 388]",2.884
37,"[354, 414]",3.032
37,"[246, 302]",3.122
37,"[189, 332]",3.507
37,"[51, 302]",4.137
37,"[51, 305]",10
38,"[91, 315]",0.082
38,"[204, 266]",0.154
38,"[266, 370]",0.182
38,"[266, 386]",0.282
38,"[266, 302]",0.426
38,"[266, 305]",0.642
38,"[188, 352]",0.656
38,"[266, 352]",0.865
38,"[302, 326]",1.006
38,"[338, 352]",1.079
38,"[192, 414]",1.079
38,"[266, 354]",1.103
38,"[189, 302]",1.133
38,"[147, 266]",1.147
38,"[240, 302]",1.171
38,"[87, 414]",1.184
38,"[302, 338]",1.191
38,"[310, 352]",1.224
38,"[302, 352]",1.268
38,"[204, 302]",1.518
38,"[111, 305]",1.774
38,"[113, 315]",1.866
38,"[293, 352]",2.019
38,"[307, 354]",2.692
38,"[119, 189]",2.87
38,"[189, 388]",2.913
38,"[266, 283]",2.98
38,"[204, 205]",3.079
38,"[192, 332]",3.25
38,"[260, 384]",3.462
38,"[23, 266]",3.718
38,"[302, 315]",10
39,"[266, 360]",0.014
39,"[91, 315]",0.082
39,"[204, 266]",0.154
39,"[266, 370]",0.182
39,"[266, 386]",0.282
39,"[266, 302]",0.426
39,"[266, 305]",0.642
39,"[188, 352]",0.656
39,"[266, 352]",0.865
39,"[302, 326]",1.006
39,"[338, 352]",1.079
39,"[192, 414]",1.079
39,"[266, 354]",1.103
39,"[189, 302]",1.133
39,"[147, 266]",1.147
39,"[240, 302]",1.171
39,"[87, 414]",1.184
39,"[204, 302]",1.518
39,"[147, 392]",1.585
39,"[266, 315]",1.951
39,"[243, 414]",1.973
39,"[91, 384]",2.037
39,"[119, 186]",2.153
39,"[94, 315]",2.215
39,"[315, 327]",2.313
39,"[354, 362]",2.348
39,"[188, 192]",2.677
39,"[188, 205]",2.983
39,"[192, 302]",3.035
39,"[24, 192]",3.468
39,"[189, 189]",3.66
39,"[189, 316]",4.049
40,"[266, 360]",0.014
40,"[91, 315]",0.082
40,"[204, 266]",0.154
40,"[266, 370]",0.182
40,"[266, 386]",0.282
40,"[266, 302]",0.426
40,"[266, 305]",0.642
40,"[188, 352]",0.656
40,"[266, 352]",0.865
40,"[302, 326]",1.006
40,"[338, 352]",1.079
40,"[192, 414]",1.079
40,"[266, 354]",1.103
40,"[189, 302]",1.133
40,"[147, 266]",1.147
40,"[240, 302]",1.171
40,"[17, 302]",1.865
40,"[17, 147]",2.077
40,"[119, 147]",2.176
40,"[147, 354]",2.241
40,"[103, 354]",2.461
40,"[157, 354]",2.5
40,"[186, 189]",2.689
40,"[43, 266]",2.909
40,"[91, 192]",3.009
40,"[205, 266]",3.03
40,"[94, 266]",3.056
40,"[266, 414]",3.12
40,"[189, 257]",3.126
40,"[180, 338]",3.265
40,"[119, 341]",3.776
40,"[302, 315]",10
41,"[266, 360]",0.014
41,"[91, 315]",0.082
41,"[204, 266]",0.154
41,"[266, 370]",0.182
41,"[266, 386]",0.282
41,"[266, 302]",0.426
41,"[266, 305]",0.642
41,"[188, 352]",0.656
41,"[266, 352]",0.865
41,"[184, 352]",0.999
41,"[302, 326]",1.006
41,"[338, 352]",1.079
41,"[192, 414]",1.079
41,"[266, 354]",1.103
41,"[189, 302]",1.133
41,"[147, 266]",1.147
41,"[240, 302]",1.171
41,"[302, 372]",1.43
41,"[352, 417]",1.842
41,"[119, 266]",1.926
41,"[91, 386]",2.003
41,"[229, 257]",2.081
41,"[147, 192]",2.171
41,"[147, 189]",2.179
41,"[107, 204]",2.249
41,"[189, 203]",2.503
41,"[180, 402]",2.574
41,"[147, 283]",2.616
41,"[211, 257]",2.732
41,"[338, 418]",2.816
41,"[157, 368]",3.083
41,"[266, 438]",3.086
42,"[266, 360]",0.014
42,"[91, 315]",0.082
42,"[204, 266]",0.154
42,"[266, 370]",0.182
42,"[266, 386]",0.282
42,"[266, 302]",0.426
42,"[266, 305]",0.642
42,"[188, 352]",0.656
42,"[266, 352]",0.865
42,"[180, 352]",0.884
42,"[184, 352]",0.999
42,"[302, 326]",1.006
42,"[338, 352]",1.079
42,"[192, 414]",1.079
42,"[266, 354]",1.103
42,"[189, 302]",1.133
42,"[147, 266]",1.147
42,"[244, 352]",1.187
42,"[95, 266]",1.298
42,"[147, 302]",1.804
42,"[91, 203]",1.857
42,"[167, 257]",2.282
42,"[189, 386]",2.291
42,"[253, 257]",2.323
42,"[180, 266]",2.503
42,"[180, 354]",2.705
42,"[35, 302]",3.051
42,"[211, 424]",3.198
42,"[283, 295]",3.498
42,"[372, 400]",3.617
42,"[211, 391]",4.086
42,"[134, 368]",10
43,"[266, 360]",0.014
43,"[91, 315]",0.082
43,"[204, 266]",0.154
43,"[266, 370]",0.182
43,"[266, 386]",0.282
43,"[266, 302]",0.426
43,"[266, 305]",0.642
43,"[188, 352]",0.656
43,"[266, 352]",0.865
43,"[180, 352]",0.884
43,"[184, 352]",0.999
43,"[302, 326]",1.006
43,"[338, 352]",1.079
43,"[192, 414]",1.079
43,"[266, 354]",1.103
43,"[189, 302]",1.133
43,"[147, 266]",1.147
43,"[203, 302]",1.668
43,"[27, 302]",1.804
43,"[91, 386]",2.003
43,"[110, 167]",2.007
43,"[91, 314]",2.146
43,"[380, 386]",2.207
43,"[253, 360]",2.404
43,"[180, 293]",2.492
43,"[383, 386]",2.684
43,"[189, 424]",2.905
43,"[135, 424]",3.033
43,"[255, 354]",3.33
43,"[175, 368]",3.515
43,"[295, 343]",3.795
43,"[211, 382]",3.891
44,"[266, 360]",0.014
44,"[91, 315]",0.082
44,"[204, 266]",0.154
44,"[266, 370]",0.182
44,"[266, 386]",0.282
44,"[266, 302]",0.426
44,"[266, 305]",0.642
44,"[188, 352]",0.656
44,"[266, 352]",0.865
44,"[180, 352]",0.884
44,"[184, 352]",0.999
44,"[302, 326]",1.006
44,"[338, 352]",1.079
44,"[192, 414]",1.079
44,"[63, 352]",1.088
44,"[266, 354]",1.103
44,"[189, 302]",1.133
44,"[27, 302]",1.804
44,"[111, 338]",1.912
44,"[91, 386]",2.003
44,"[68, 91]",2.235
44,"[203, 305]",2.241
44,"[203, 435]",2.307
44,"[162, 266]",2.322
44,"[63, 360]",2.391
44,"[175, 305]",2.692
44,"[180, 224]",3.113
44,"[188, 241]",3.277
44,"[175, 255]",3.433
44,"[211, 218]",3.802
44,"[266, 374]",10
44,"[91, 414]",10
45,"[266, 360]",0.014
45,"[91, 315]",0.082
45,"[204, 266]",0.154
45,"[266, 370]",0.182
45,"[266, 386]",0.282
45,"[266, 302]",0.426
45,"[266, 428]",0.558
45,"[266, 305]",0.642
45,"[188, 352]",0.656
45,"[266, 352]",0.865
45,"[180, 352]",0.884
45,"[184, 352]",0.999
45,"[265, 352]",0.999
45,"[302, 326]",1.006
45,"[192, 352]",1.032
45,"[338, 352]",1.079
45,"[192, 414]",1.079
45,"[63, 352]",1.088
45,"[266, 354]",1.103
45,"[27, 414]",1.467
45,"[156, 266]",1.963
45,"[188, 266]",2.135
45,"[203, 305]",2.241
45,"[142, 175]",2.468
45,"[168, 370]",2.489
45,"[142, 266]",2.75
45,"[302, 321]",3.532
45,"[156, 255]",4.122
45,"[9, 266]",10
45,"[24, 91]",10
45,"[188, 414]",10
45,"[127, 266]",10
46,"[266, 360]",0.014
46,"[91, 315]",0.082
46,"[204, 266]",0.154
46,"[266, 370]",0.182
46,"[266, 386]",0.282
46,"[266, 302]",0.426
46,"[266, 428]",0.558
46,"[192, 266]",0.618
46,"[266, 305]",0.642
46,"[188, 352]",0.656
46,"[266, 352]",0.865
46,"[180, 352]",0.884
46,"[184, 352]",0.999
46,"[265, 352]",0.999
46,"[302, 326]",1.006
46,"[192, 352]",1.032
46,"[338, 352]",1.079
46,"[27, 437]",1.186
46,"[60, 302]",1.192
46,"[302, 352]",1.268
46,"[302, 325]",1.34
46,"[168, 414]",1.528
46,"[302, 351]",1.647
46,"[27, 71]",2.016
46,"[80, 180]",2.619
46,"[55, 305]",2.746
46,"[27, 354]",2.747
46,"[266, 326]",2.993
46,"[63, 396]",3.144
46,"[168, 283]",3.212
46,"[32, 305]",3.411
46,"[191, 352]",10
47,"[266, 360]",0.014
47,"[91, 315]",0.082
47,"[204, 266]",0.154
47,"[266, 370]",0.182
47,"[266, 386]",0.282
47,"[266, 302]",0.426
47,"[266, 428]",0.558
47,"[192, 266]",0.618
47,"[266, 305]",0.642
47,"[188, 352]",0.656
47,"[266, 352]",0.865
47,"[180, 352]",0.884
47,"[60, 352]",0.996
47,"[184, 352]",0.999
47,"[265, 352]",0.999
47,"[302, 326]",1.006
47,"[192, 352]",1.032
47,"[231, 352]",1.302
47,"[168, 352]",1.409
47,"[27, 147]",1.535
47,"[27, 266]",1.627
47,"[91, 305]",1.947
47,"[180, 409]",2.087
47,"[32, 370]",2.836
47,"[360, 402]",2.844
47,"[168, 228]",2.9
47,"[97, 180]",3.376
47,"[279, 396]",3.441
47,"[302, 336]",3.777
47,"[71, 191]",3.843
47,"[27, 352]",10
47,"[351, 374]",10
48,"[266, 360]",0.014
48,"[91, 315]",0.082
48,"[204, 266]",0.154
48,"[266, 370]",0.182
48,"[266, 386]",0.282
48,"[266, 302]",0.426
48,"[266, 418]",0.453
48,"[266, 428]",0.558
48,"[192, 266]",0.618
48,"[266, 305]",0.642
48,"[188, 352]",0.656
48,"[27, 202]",0.843
48,"[266, 352]",0.865
48,"[180, 352]",0.884
48,"[60, 352]",0.996
48,"[184, 352]",0.999
48,"[265, 352]",0.999
48,"[302, 326]",1.006
48,"[27, 280]",1.05
48,"[282, 352]",1.139
48,"[352, 408]",1.477
48,"[191, 386]",2.177
48,"[305, 351]",2.193
48,"[289, 428]",2.219
48,"[58, 180]",2.318
48,"[126, 168]",2.379
48,"[14, 265]",2.401
48,"[71, 302]",2.868
48,"[60, 305]",2.926
48,"[67, 228]",3.031
48,"[14, 97]",3.2
48,"[226, 266]",10
49,"[266, 360]",0.014
49,"[91, 315]",0.082
49,"[204, 266]",0.154
49,"[266, 370]",0.182
49,"[266, 386]",0.282
49,"[266, 302]",0.426
49,"[181, 266]",0.44
49,"[266, 418]",0.453
49,"[266, 428]",0.558
49,"[192, 266]",0.618
49,"[266, 305]",0.642
49,"[188, 352]",0.656
49,"[27, 202]",0.843
49,"[266, 352]",0.865
49,"[180, 352]",0.884
49,"[352, 358]",0.987
49,"[60, 352]",0.996
49,"[184, 352]",0.999
49,"[99, 352]",1.107
49,"[302, 352]",1.268
49,"[27, 386]",1.787
49,"[188, 370]",2.245
49,"[58, 162]",2.276
49,"[58, 412]",2.445
49,"[148, 428]",2.539
49,"[173, 352]",2.645
49,"[180, 248]",2.75
49,"[184, 305]",2.918
49,"[418, 436]",2.989
49,"[428, 430]",3.031
49,"[152, 266]",3.148
49,"[184, 351]",3.25
50,"[266, 360]",0.014
50,"[91, 315]",0.082
50,"[204, 266]",0.154
50,"[266, 370]",0.182
50,"[266, 386]",0.282
50,"[266, 302]",0.426
50,"[181, 266]",0.44
50,"[266, 418]",0.453
50,"[266, 298]",0.492
50,"[266, 428]",0.558
50,"[192, 266]",0.618
50,"[266, 305]",0.642
50,"[188, 352]",0.656
50,"[27, 202]",0.843
50,"[266, 352]",0.865
50,"[180, 352]",0.884
50,"[352, 358]",0.987
50,"[302, 365]",1.272
50,"[123, 188]",1.82
50,"[158, 184]",1.974
50,"[58, 420]",2.016
50,"[58, 352]",2.079
50,"[188, 204]",2.093
50,"[360, 428]",2.305
50,"[99, 231]",2.517
50,"[99, 245]",2.538
50,"[58, 234]",2.737
50,"[60, 184]",3.164
50,"[266, 266]",3.19
50,"[60, 109]",3.489
50,"[239, 412]",4.07
50,"[27, 352]",10
51,"[266, 360]",0.014
51,"[91, 315]",0.082
51,"[204, 266]",0.154
51,"[266, 370]",0.182
51,"[266, 386]",0.282
51,"[266, 302]",0.426
51,"[181, 266]",0.44
51,"[266, 418]",0.453
51,"[266, 298]",0.492
51,"[266, 428]",0.558
51,"[192, 266]",0.618
51,"[109, 123]",0.62
51,"[266, 305]",0.642
51,"[188, 352]",0.656
51,"[27, 202]",0.843
51,"[266, 352]",0.865
51,"[180, 352]",0.884
51,"[58, 365]",1.405
51,"[104, 352]",1.885
51,"[158, 239]",2.088
51,"[188, 285]",2.107
51,"[21, 386]",2.108
51,"[420, 423]",2.111
51,"[184, 204]",2.349
51,"[231, 360]",2.352
51,"[181, 386]",2.556
51,"[109, 390]",2.611
51,"[259, 305]",2.901
51,"[99, 109]",3.578
51,"[109, 425]",3.931
51,"[200, 245]",4.017
51,"[27, 315]",10
52,"[266, 360]",0.014
52,"[91, 315]",0.082
52,"[204, 266]",0.154
52,"[266, 370]",0.182
52,"[266, 386]",0.282
52,"[266, 302]",0.426
52,"[181, 266]",0.44
52,"[266, 418]",0.453
52,"[266, 298]",0.492
52,"[266, 428]",0.558
52,"[192, 266]",0.618
52,"[109, 123]",0.62
52,"[266, 305]",0.642
52,"[188, 352]",0.656
52,"[27, 202]",0.843
52,"[266, 352]",0.865
52,"[266, 315]",1.951
52,"[27, 362]",2.024
52,"[420, 428]",2.028
52,"[386, 420]",2.094
52,"[204, 386]",2.102
52,"[104, 428]",2.249
52,"[305, 423]",2.277
52,"[311, 386]",2.354
52,"[175, 188]",2.357
52,"[178, 298]",2.658
52,"[109, 360]",2.725
52,"[204, 283]",2.786
52,"[12, 109]",3.064
52,"[187, 360]",3.069
52,"[140, 245]",3.822
52,"[109, 425]",3.931
53,"[266, 360]",0.014
53,"[91, 315]",0.082
53,"[204, 266]",0.154
53,"[266, 370]",0.182
53,"[266, 386]",0.282
53,"[266, 302]",0.426
53,"[181, 266]",0.44
53,"[266, 418]",0.453
53,"[266, 298]",0.492
53,"[266, 428]",0.558
53,"[192, 266]",0.618
53,"[109, 123]",0.62
53,"[266, 305]",0.642
53,"[188, 352]",0.656
53,"[27, 202]",0.843
53,"[266, 352]",0.865
53,"[31, 109]",0.904
53,"[391, 420]",2.09
53,"[204, 420]",2.112
53,"[226, 315]",2.185
53,"[12, 266]",2.207
53,"[202, 266]",2.382
53,"[204, 415]",2.423
53,"[10, 266]",2.549
53,"[370, 437]",2.573
53,"[170, 266]",2.894
53,"[266, 425]",3.354
53,"[245, 305]",3.367
53,"[169, 311]",3.468
53,"[170, 181]",3.68
53,"[224, 302]",3.682
53,"[156, 370]",3.775
54,"[266, 360]",0.014
54,"[91, 315]",0.082
54,"[204, 266]",0.154
54,"[266, 370]",0.182
54,"[266, 386]",0.282
54,"[266, 302]",0.426
54,"[181, 266]",0.44
54,"[266, 418]",0.453
54,"[266, 298]",0.492
54,"[266, 428]",0.558
54,"[192, 266]",0.618
54,"[109, 123]",0.62
54,"[266, 305]",0.642
54,"[188, 352]",0.656
54,"[27, 202]",0.843
54,"[266, 352]",0.865
54,"[61, 302]",1.296
54,"[27, 360]",1.636
54,"[188, 420]",1.977
54,"[204, 309]",2.062
54,"[315, 370]",2.22
54,"[260, 370]",2.381
54,"[192, 370]",2.607
54,"[266, 363]",2.698
54,"[202, 437]",2.835
54,"[266, 437]",2.879
54,"[224, 370]",2.92
54,"[266, 266]",3.19
54,"[90, 266]",3.282
54,"[224, 311]",3.285
54,"[109, 321]",3.716
54,"[169, 187]",4.172
55,"[266, 360]",0.014
55,"[91, 315]",0.082
55,"[204, 266]",0.154
55,"[266, 370]",0.182
55,"[266, 386]",0.282
55,"[266, 302]",0.426
55,"[181, 266]",0.44
55,"[266, 418]",0.453
55,"[266, 298]",0.492
55,"[266, 428]",0.558
55,"[192, 266]",0.618
55,"[109, 123]",0.62
55,"[266, 305]",0.642
55,"[188, 352]",0.656
55,"[27, 202]",0.843
55,"[266, 352]",0.865
55,"[187, 352]",0.916
55,"[266, 308]",1.478
55,"[323, 360]",2.046
55,"[75, 260]",2.45
55,"[266, 420]",2.477
55,"[174, 418]",2.49
55,"[176, 266]",2.815
55,"[169, 266]",3.104
55,"[90, 249]",3.126
55,"[109, 437]",3.168
55,"[266, 344]",3.219
55,"[169, 370]",3.304
55,"[169, 363]",3.38
55,"[109, 302]",3.466
55,"[224, 430]",3.709
55,"[27, 315]",10
56,"[266, 360]",0.014
56,"[91, 315]",0.082
56,"[204, 266]",0.154
56,"[266, 370]",0.182
56,"[266, 386]",0.282
56,"[266, 302]",0.426
56,"[181, 266]",0.44
56,"[266, 418]",0.453
56,"[266, 298]",0.492
56,"[266, 428]",0.558
56,"[192, 266]",0.618
56,"[109, 123]",0.62
56,"[266, 305]",0.642
56,"[188, 352]",0.656
56,"[27, 202]",0.843
56,"[266, 352]",0.865
56,"[27, 266]",1.627
56,"[17, 352]",1.682
56,"[44, 315]",1.901
56,"[188, 438]",2.191
56,"[313, 360]",2.199
56,"[269, 386]",2.212
56,"[204, 418]",2.334
56,"[174, 267]",2.448
56,"[228, 360]",2.612
56,"[169, 202]",2.722
56,"[109, 360]",2.725
56,"[9, 428]",2.981
56,"[109, 266]",3.032
56,"[249, 266]",3.224
56,"[90, 266]",3.282
56,"[91, 266]",10
57,"[266, 360]",0.014
57,"[91, 315]",0.082
57,"[204, 266]",0.154
57,"[266, 370]",0.182
57,"[266, 386]",0.282
57,"[266, 302]",0.426
57,"[181, 266]",0.44
57,"[266, 418]",0.453
57,"[266, 322]",0.483
57,"[266, 298]",0.492
57,"[266, 428]",0.558
57,"[192, 266]",0.618
57,"[109, 123]",0.62
57,"[266, 305]",0.642
57,"[188, 352]",0.656
57,"[27, 202]",0.843
57,"[266, 352]",0.865
57,"[164, 352]",1.176
57,"[420, 428]",2.028
57,"[275, 352]",2.178
57,"[17, 418]",2.314
57,"[90, 360]",2.318
57,"[109, 438]",2.773
57,"[370, 372]",2.825
57,"[109, 428]",2.833
57,"[192, 441]",2.856
57,"[228, 352]",2.869
57,"[228, 266]",2.946
57,"[205, 266]",3.03
57,"[249, 418]",3.146
57,"[130, 266]",3.23
57,"[266, 276]",10
58,"[266, 360]",0.014
58,"[91, 315]",0.082
58,"[204, 266]",0.154
58,"[266, 370]",0.182
58,"[266, 386]",0.282
58,"[266, 302]",0.426
58,"[181, 266]",0.44
58,"[266, 418]",0.453
58,"[266, 322]",0.483
58,"[266, 298]",0.492
58,"[266, 428]",0.558
58,"[192, 266]",0.618
58,"[109, 123]",0.62
58,"[266, 305]",0.642
58,"[188, 352]",0.656
58,"[27, 202]",0.843
58,"[266, 352]",0.865
58,"[27, 372]",1.174
58,"[164, 352]",1.176
58,"[17, 302]",1.865
58,"[266, 315]",1.951
58,"[17, 123]",2.08
58,"[275, 322]",2.123
58,"[286, 302]",2.325
58,"[370, 428]",2.405
58,"[214, 370]",2.68
58,"[266, 309]",2.681
58,"[305, 366]",2.723
58,"[138, 228]",2.939
58,"[25, 266]",3.231
58,"[67, 181]",3.409
58,"[51, 370]",10
59,"[266, 360]",0.014
59,"[91, 315]",0.082
59,"[204, 266]",0.154
59,"[266, 370]",0.182
59,"[266, 386]",0.282
59,"[266, 302]",0.426
59,"[181, 266]",0.44
59,"[266, 418]",0.453
59,"[266, 322]",0.483
59,"[266, 298]",0.492
59,"[266, 428]",0.558
59,"[52, 266]",0.566
59,"[192, 266]",0.618
59,"[109, 123]",0.62
59,"[266, 305]",0.642
59,"[188, 352]",0.656
59,"[27, 202]",0.843
59,"[63, 352]",1.088
59,"[91, 352]",1.821
59,"[123, 264]",1.822
59,"[4, 91]",1.935
59,"[214, 421]",1.962
59,"[30, 322]",2.12
59,"[204, 435]",2.325
59,"[185, 266]",2.559
59,"[370, 418]",2.588
59,"[266, 372]",2.871
59,"[66, 386]",3.166
59,"[266, 266]",3.19
59,"[106, 192]",3.444
59,"[180, 372]",3.523
59,"[123, 266]",10
60,"[266, 360]",0.014
60,"[91, 315]",0.082
60,"[204, 266]",0.154
60,"[266, 370]",0.182
60,"[266, 386]",0.282
60,"[266, 302]",0.426
60,"[181, 266]",0.44
60,"[266, 418]",0.453
60,"[266, 322]",0.483
60,"[266, 298]",0.492
60,"[266, 428]",0.558
60,"[52, 266]",0.566
60,"[192, 266]",0.618
60,"[109, 123]",0.62
60,"[266, 305]",0.642
60,"[188, 352]",0.656
60,"[332, 352]",0.987
60,"[262, 266]",1.585
60,"[27, 103]",1.641
60,"[72, 386]",1.905
60,"[266, 315]",1.951
60,"[167, 418]",2.069
60,"[63, 323]",2.201
60,"[123, 418]",2.272
60,"[239, 386]",2.282
60,"[52, 228]",2.539
60,"[270, 418]",2.627
60,"[214, 370]",2.68
60,"[370, 372]",2.825
60,"[66, 298]",3.123
60,"[266, 325]",3.569
60,"[123, 266]",10
61,"[266, 360]",0.014
61,"[91, 315]",0.082
61,"[204, 266]",0.154
61,"[266, 370]",0.182
61,"[266, 386]",0.282
61,"[266, 302]",0.426
61,"[181, 266]",0.44
61,"[266, 418]",0.453
61,"[266, 322]",0.483
61,"[266, 298]",0.492
61,"[266, 428]",0.558
61,"[52, 266]",0.566
61,"[192, 266]",0.618
61,"[109, 123]",0.62
61,"[266, 305]",0.642
61,"[188, 352]",0.656
61,"[52, 302]",1.409
61,"[266, 282]",1.652
61,"[123, 379]",2.255
61,"[298, 384]",2.289
61,"[173, 204]",2.32
61,"[215, 266]",2.535
61,"[266, 363]",2.698
61,"[181, 418]",2.753
61,"[266, 387]",2.973
61,"[219, 266]",2.981
61,"[266, 300]",2.993
61,"[214, 411]",3.001
61,"[208, 266]",3.031
61,"[266, 266]",3.19
61,"[123, 266]",10
61,"[178, 266]",10
62,"[266, 360]",0.014
62,"[91, 315]",0.082
62,"[266, 402]",0.099
62,"[204, 266]",0.154
62,"[266, 370]",0.182
62,"[266, 386]",0.282
62,"[266, 302]",0.426
62,"[181, 266]",0.44
62,"[266, 418]",0.453
62,"[266, 322]",0.483
62,"[266, 298]",0.492
62,"[266, 428]",0.558
62,"[52, 266]",0.566
62,"[192, 266]",0.618
62,"[109, 123]",0.62
62,"[266, 305]",0.642
62,"[188, 352]",0.656
62,"[87, 370]",1.452
62,"[285, 302]",1.479
62,"[123, 257]",1.692
62,"[240, 266]",2.043
62,"[204, 210]",2.173
62,"[188, 419]",2.18
62,"[165, 379]",2.194
62,"[167, 266]",2.263
62,"[2, 266]",2.503
62,"[153, 219]",2.563
62,"[266, 314]",2.925
62,"[181, 407]",3.437
62,"[109, 302]",3.466
62,"[181, 254]",4.792
62,"[173, 266]",10
63,"[266, 360]",0.014
63,"[91, 315]",0.082
63,"[266, 402]",0.099
63,"[204, 266]",0.154
63,"[266, 370]",0.182
63,"[266, 386]",0.282
63,"[266, 302]",0.426
63,"[181, 266]",0.44
63,"[266, 418]",0.453
63,"[266, 322]",0.483
63,"[266, 298]",0.492
63,"[266, 428]",0.558
63,"[52, 266]",0.566
63,"[192, 266]",0.618
63,"[109, 123]",0.62
63,"[266, 305]",0.642
63,"[133, 352]",1.404
63,"[204, 380]",1.978
63,"[87, 266]",2.016
63,"[34, 266]",2.062
63,"[167, 298]",2.065
63,"[52, 322]",2.1
63,"[149, 315]",2.118
63,"[71, 360]",2.355
63,"[204, 379]",2.609
63,"[181, 188]",2.695
63,"[265, 266]",2.878
63,"[181, 210]",3.003
63,"[266, 266]",3.19
63,"[181, 360]",3.235
63,"[266, 306]",10
63,"[123, 266]",10
64,"[266, 360]",0.014
64,"[91, 315]",0.082
64,"[266, 402]",0.099
64,"[204, 266]",0.154
64,"[266, 370]",0.182
64,"[266, 386]",0.282
64,"[266, 302]",0.426
64,"[181, 266]",0.44
64,"[266, 418]",0.453
64,"[266, 322]",0.483
64,"[266, 298]",0.492
64,"[266, 428]",0.558
64,"[52, 266]",0.566
64,"[192, 266]",0.618
64,"[109, 123]",0.62
64,"[266, 305]",0.642
64,"[266, 441]",1.086
64,"[34, 266]",2.062
64,"[146, 266]",2.067
64,"[188, 266]",2.135
64,"[298, 402]",2.203
64,"[67, 266]",2.422
64,"[123, 265]",2.53
64,"[266, 430]",2.59
64,"[181, 428]",2.829
64,"[149, 428]",3.009
64,"[181, 253]",3.229
64,"[167, 370]",3.319
64,"[71, 156]",3.826
64,"[123, 266]",10
64,"[40, 266]",10
64,"[71, 266]",10
65,"[266, 360]",0.014
65,"[91, 315]",0.082
65,"[266, 402]",0.099
65,"[204, 266]",0.154
65,"[266, 370]",0.182
65,"[266, 386]",0.282
65,"[266, 445]",0.403
65,"[266, 302]",0.426
65,"[181, 266]",0.44
65,"[63, 266]",0.445
65,"[266, 418]",0.453
65,"[266, 322]",0.483
65,"[266, 298]",0.492
65,"[266, 428]",0.558
65,"[52, 266]",0.566
65,"[47, 266]",0.57
65,"[192, 266]",0.618
65,"[109, 123]",0.62
65,"[266, 305]",0.642
65,"[67, 302]",1.342
65,"[136, 266]",1.832
65,"[52, 96]",1.989
65,"[28, 91]",2.183
65,"[52, 305]",2.194
65,"[146, 322]",2.278
65,"[202, 266]",2.382
65,"[67, 128]",2.833
65,"[133, 402]",2.967
65,"[266, 439]",3.012
65,"[181, 370]",3.141
65,"[266, 266]",3.19
65,"[181, 377]",3.535
66,"[266, 360]",0.014
66,"[91, 315]",0.082
66,"[266, 294]",0.095
66,"[266, 402]",0.099
66,"[204, 266]",0.154
66,"[266, 370]",0.182
66,"[266, 385]",0.23
66,"[266, 386]",0.282
66,"[266, 445]",0.403
66,"[266, 302]",0.426
66,"[181, 266]",0.44
66,"[63, 266]",0.445
66,"[266, 418]",0.453
66,"[266, 322]",0.483
66,"[266, 298]",0.492
66,"[266, 428]",0.558
66,"[52, 266]",0.566
66,"[47, 266]",0.57
66,"[266, 308]",1.478
66,"[123, 428]",1.912
66,"[315, 350]",1.936
66,"[248, 266]",2.038
66,"[136, 402]",2.361
66,"[282, 370]",2.46
66,"[142, 266]",2.75
66,"[115, 266]",2.8
66,"[204, 336]",2.911
66,"[28, 266]",3.045
66,"[266, 266]",3.19
66,"[146, 383]",3.742
66,"[266, 377]",10
66,"[263, 266]",10
67,"[266, 360]",0.014
67,"[91, 315]",0.082
67,"[266, 294]",0.095
67,"[266, 402]",0.099
67,"[204, 266]",0.154
67,"[266, 370]",0.182
67,"[266, 385]",0.23
67,"[266, 386]",0.282
67,"[266, 445]",0.403
67,"[266, 336]",0.41
67,"[266, 302]",0.426
67,"[181, 266]",0.44
67,"[63, 266]",0.445
67,"[266, 418]",0.453
67,"[266, 322]",0.483
67,"[266, 298]",0.492
67,"[266, 428]",0.558
67,"[4, 266]",1.654
67,"[248, 266]",2.038
67,"[30, 294]",2.144
67,"[201, 298]",2.159
67,"[204, 282]",2.215
67,"[146, 223]",2.228
67,"[362, 385]",2.434
67,"[63, 370]",2.497
67,"[248, 345]",2.621
67,"[154, 266]",2.891
67,"[28, 266]",3.045
67,"[266, 419]",3.075
67,"[211, 266]",3.104
67,"[266, 266]",3.19
67,"[91, 383]",3.872
68,"[266, 360]",0.014
68,"[91, 315]",0.082
68,"[266, 294]",0.095
68,"[266, 402]",0.099
68,"[204, 266]",0.154
68,"[266, 370]",0.182
68,"[266, 385]",0.23
68,"[266, 386]",0.282
68,"[266, 445]",0.403
68,"[266, 336]",0.41
68,"[266, 302]",0.426
68,"[181, 266]",0.44
68,"[63, 266]",0.445
68,"[266, 418]",0.453
68,"[266, 322]",0.483
68,"[266, 298]",0.492
68,"[91, 334]",1.949
68,"[223, 230]",1.949
68,"[223, 266]",2.037
68,"[263, 282]",2.107
68,"[146, 298]",2.284
68,"[54, 385]",2.423
68,"[162, 385]",2.448
68,"[49, 201]",2.456
68,"[63, 370]",2.497
68,"[362, 370]",2.603
68,"[63, 388]",2.668
68,"[102, 362]",2.722
68,"[63, 345]",2.91
68,"[20, 266]",2.963
68,"[63, 430]",3.574
68,"[51, 146]",10
69,"[266, 360]",0.014
69,"[91, 315]",0.082
69,"[266, 294]",0.095
69,"[266, 402]",0.099
69,"[204, 266]",0.154
69,"[266, 370]",0.182
69,"[266, 385]",0.23
69,"[266, 386]",0.282
69,"[266, 445]",0.403
69,"[266, 336]",0.41
69,"[266, 302]",0.426
69,"[181, 266]",0.44
69,"[63, 266]",0.445
69,"[266, 418]",0.453
69,"[266, 322]",0.483
69,"[266, 298]",0.492
69,"[91, 350]",2.013
69,"[223, 266]",2.037
69,"[313, 386]",2.098
69,"[223, 322]",2.177
69,"[29, 102]",2.205
69,"[243, 362]",2.238
69,"[63, 298]",2.294
69,"[54, 360]",2.358
69,"[360, 362]",2.396
69,"[63, 385]",2.401
69,"[45, 63]",2.42
69,"[266, 430]",2.59
69,"[162, 362]",2.765
69,"[63, 224]",3.066
69,"[51, 336]",10
69,"[51, 348]",10
70,"[266, 360]",0.014
70,"[91, 315]",0.082
70,"[266, 294]",0.095
70,"[266, 402]",0.099
70,"[204, 266]",0.154
70,"[266, 370]",0.182
70,"[266, 385]",0.23
70,"[266, 386]",0.282
70,"[266, 445]",0.403
70,"[266, 336]",0.41
70,"[266, 302]",0.426
70,"[181, 266]",0.44
70,"[63, 266]",0.445
70,"[266, 418]",0.453
70,"[266, 322]",0.483
70,"[266, 298]",0.492
70,"[91, 430]",1.508
70,"[45, 302]",1.565
70,"[45, 91]",1.96
70,"[91, 348]",2.214
70,"[294, 323]",2.228
70,"[286, 315]",2.278
70,"[162, 178]",2.458
70,"[54, 266]",2.58
70,"[266, 348]",2.885
70,"[204, 336]",2.911
70,"[2, 430]",3.399
70,"[63, 156]",3.667
70,"[336, 391]",3.814
70,"[63, 130]",4.257
70,"[266, 362]",10
70,"[266, 358]",10
71,"[266, 360]",0.014
71,"[91, 315]",0.082
71,"[266, 294]",0.095
71,"[266, 402]",0.099
71,"[204, 266]",0.154
71,"[266, 370]",0.182
71,"[266, 385]",0.23
71,"[266, 386]",0.282
71,"[266, 445]",0.403
71,"[266, 336]",0.41
71,"[266, 302]",0.426
71,"[181, 266]",0.44
71,"[63, 266]",0.445
71,"[266, 418]",0.453
71,"[266, 322]",0.483
71,"[266, 298]",0.492
71,"[31, 294]",0.853
71,"[91, 280]",1.755
71,"[91, 294]",1.88
71,"[2, 315]",1.922
71,"[266, 315]",1.951
71,"[63, 167]",2.37
71,"[204, 391]",2.406
71,"[417, 445]",2.481
71,"[286, 445]",2.524
71,"[210, 418]",2.694
71,"[142, 266]",2.75
71,"[63, 437]",2.891
71,"[297, 430]",3.421
71,"[54, 241]",4.22
71,"[63, 307]",10
71,"[125, 286]",10
72,"[266, 360]",0.014
72,"[91, 315]",0.082
72,"[266, 294]",0.095
72,"[266, 402]",0.099
72,"[204, 266]",0.154
72,"[266, 370]",0.182
72,"[266, 385]",0.23
72,"[266, 386]",0.282
72,"[266, 445]",0.403
72,"[266, 336]",0.41
72,"[266, 302]",0.426
72,"[181, 266]",0.44
72,"[63, 266]",0.445
72,"[266, 418]",0.453
72,"[266, 322]",0.483
72,"[266, 298]",0.492
72,"[91, 430]",1.508
72,"[91, 280]",1.755
72,"[91, 214]",1.802
72,"[91, 322]",2.011
72,"[178, 430]",2.093
72,"[233, 315]",2.138
72,"[315, 316]",2.247
72,"[63, 418]",2.569
72,"[360, 389]",2.602
72,"[286, 306]",2.619
72,"[266, 286]",2.738
72,"[183, 266]",2.77
72,"[256, 266]",3.117
72,"[266, 266]",3.19
72,"[91, 266]",10
72,"[266, 431]",10
73,"[266, 360]",0.014
73,"[91, 315]",0.082
73,"[266, 294]",0.095
73,"[266, 402]",0.099
73,"[204, 266]",0.154
73,"[266, 370]",0.182
73,"[266, 385]",0.23
73,"[266, 386]",0.282
73,"[266, 445]",0.403
73,"[266, 336]",0.41
73,"[266, 302]",0.426
73,"[181, 266]",0.44
73,"[63, 266]",0.445
73,"[266, 418]",0.453
73,"[266, 322]",0.483
73,"[266, 298]",0.492
73,"[266, 315]",1.951
73,"[286, 431]",2.041
73,"[313, 322]",2.096
73,"[91, 142]",2.118
73,"[315, 418]",2.146
73,"[172, 181]",2.482
73,"[266, 430]",2.59
73,"[7, 386]",2.626
73,"[223, 336]",2.667
73,"[53, 430]",2.972
73,"[207, 322]",3.116
73,"[221, 266]",3.222
73,"[286, 336]",3.33
73,"[306, 306]",3.46
73,"[208, 370]",3.597
73,"[78, 316]",3.944
74,"[266, 360]",0.014
74,"[91, 315]",0.082
74,"[266, 294]",0.095
74,"[266, 402]",0.099
74,"[204, 266]",0.154
74,"[266, 370]",0.182
74,"[266, 385]",0.23
74,"[266, 386]",0.282
74,"[266, 323]",0.386
74,"[266, 445]",0.403
74,"[266, 336]",0.41
74,"[266, 302]",0.426
74,"[181, 266]",0.44
74,"[63, 266]",0.445
74,"[266, 418]",0.453
74,"[266, 322]",0.483
74,"[266, 298]",0.492
74,"[266, 412]",0.548
74,"[0, 302]",1.514
74,"[223, 315]",2.107
74,"[221, 385]",2.539
74,"[268, 418]",2.548
74,"[286, 294]",2.556
74,"[63, 418]",2.569
74,"[80, 181]",2.924
74,"[172, 316]",3.006
74,"[207, 266]",3.244
74,"[336, 379]",3.339
74,"[192, 336]",3.587
74,"[84, 208]",3.621
74,"[208, 395]",10
74,"[51, 266]",10
75,"[266, 360]",0.014
75,"[91, 315]",0.082
75,"[266, 294]",0.095
75,"[266, 402]",0.099
75,"[204, 266]",0.154
75,"[266, 370]",0.182
75,"[266, 385]",0.23
75,"[266, 292]",0.257
75,"[266, 386]",0.282
75,"[266, 323]",0.386
75,"[266, 445]",0.403
75,"[266, 336]",0.41
75,"[266, 302]",0.426
75,"[181, 266]",0.44
75,"[63, 266]",0.445
75,"[266, 418]",0.453
75,"[266, 322]",0.483
75,"[266, 378]",0.658
75,"[8, 266]",2.053
75,"[268, 315]",2.089
75,"[0, 253]",2.139
75,"[219, 223]",2.211
75,"[286, 379]",2.37
75,"[0, 115]",2.469
75,"[192, 385]",2.59
75,"[178, 322]",2.799
75,"[80, 336]",3.08
75,"[204, 316]",3.12
75,"[0, 321]",3.344
75,"[400, 412]",3.356
75,"[16, 336]",4.043
75,"[208, 245]",4.192
76,"[266, 360]",0.014
76,"[91, 315]",0.082
76,"[266, 294]",0.095
76,"[266, 402]",0.099
76,"[204, 266]",0.154
76,"[266, 370]",0.182
76,"[266, 385]",0.23
76,"[266, 292]",0.257
76,"[266, 386]",0.282
76,"[266, 323]",0.386
76,"[266, 445]",0.403
76,"[266, 336]",0.41
76,"[266, 302]",0.426
76,"[181, 266]",0.44
76,"[63, 266]",0.445
76,"[266, 418]",0.453
76,"[286, 322]",1.865
76,"[266, 315]",1.951
76,"[8, 266]",2.053
76,"[204, 385]",2.211
76,"[140, 204]",2.256
76,"[232, 385]",2.324
76,"[63, 370]",2.497
76,"[294, 402]",2.527
76,"[264, 292]",2.578
76,"[266, 286]",2.738
76,"[266, 437]",2.879
76,"[317, 360]",2.928
76,"[219, 266]",2.981
76,"[97, 219]",2.999
76,"[0, 266]",3.035
76,"[266, 444]",10
77,"[266, 360]",0.014
77,"[91, 315]",0.082
77,"[266, 294]",0.095
77,"[266, 402]",0.099
77,"[204, 266]",0.154
77,"[266, 370]",0.182
77,"[266, 385]",0.23
77,"[266, 292]",0.257
77,"[266, 386]",0.282
77,"[266, 323]",0.386
77,"[266, 445]",0.403
77,"[266, 336]",0.41
77,"[266, 302]",0.426
77,"[181, 266]",0.44
77,"[63, 266]",0.445
77,"[266, 418]",0.453
77,"[48, 266]",1.013
77,"[87, 204]",1.356
77,"[91, 430]",1.508
77,"[294, 427]",1.555
77,"[266, 280]",1.788
77,"[222, 322]",2.135
77,"[63, 386]",2.261
77,"[204, 445]",2.405
77,"[75, 266]",2.465
77,"[63, 402]",2.72
77,"[266, 286]",2.738
77,"[362, 402]",2.775
77,"[73, 266]",2.858
77,"[20, 266]",2.963
77,"[266, 266]",3.19
77,"[51, 266]",10
78,"[266, 360]",0.014
78,"[91, 315]",0.082
78,"[266, 294]",0.095
78,"[266, 402]",0.099
78,"[204, 266]",0.154
78,"[266, 370]",0.182
78,"[266, 385]",0.23
78,"[266, 292]",0.257
78,"[266, 386]",0.282
78,"[266, 323]",0.386
78,"[266, 445]",0.403
78,"[266, 336]",0.41
78,"[266, 302]",0.426
78,"[181, 266]",0.44
78,"[63, 266]",0.445
78,"[266, 418]",0.453
78,"[78, 266]",0.619
78,"[266, 378]",0.658
78,"[73, 302]",1.833
78,"[266, 315]",1.951
78,"[4, 315]",2.019
78,"[78, 323]",2.367
78,"[132, 385]",2.39
78,"[199, 266]",2.462
78,"[145, 402]",2.489
78,"[365, 402]",2.713
78,"[255, 266]",2.87
78,"[20, 445]",3.032
78,"[266, 427]",3.036
78,"[266, 266]",3.19
78,"[151, 445]",3.49
78,"[51, 144]",10
79,"[266, 360]",0.014
79,"[91, 315]",0.082
79,"[266, 294]",0.095
79,"[266, 402]",0.099
79,"[204, 266]",0.154
79,"[266, 370]",0.182
79,"[266, 385]",0.23
79,"[266, 292]",0.257
79,"[266, 386]",0.282
79,"[266, 323]",0.386
79,"[266, 445]",0.403
79,"[266, 336]",0.41
79,"[266, 302]",0.426
79,"[181, 266]",0.44
79,"[63, 266]",0.445
79,"[266, 418]",0.453
79,"[181, 302]",1.284
79,"[365, 386]",1.442
79,"[266, 315]",1.951
79,"[199, 373]",2.231
79,"[50, 204]",2.247
79,"[73, 296]",2.272
79,"[63, 394]",2.274
79,"[315, 417]",2.29
79,"[266, 284]",2.408
79,"[199, 266]",2.462
79,"[266, 314]",2.925
79,"[266, 283]",2.98
79,"[256, 266]",3.117
79,"[266, 266]",3.19
79,"[5, 385]",3.445
79,"[211, 255]",4.492
80,"[266, 360]",0.014
80,"[91, 315]",0.082
80,"[266, 294]",0.095
80,"[266, 402]",0.099
80,"[204, 266]",0.154
80,"[266, 370]",0.182
80,"[266, 385]",0.23
80,"[266, 292]",0.257
80,"[266, 386]",0.282
80,"[266, 323]",0.386
80,"[266, 445]",0.403
80,"[266, 336]",0.41
80,"[266, 302]",0.426
80,"[181, 266]",0.44
80,"[63, 266]",0.445
80,"[266, 418]",0.453
80,"[147, 266]",1.147
80,"[50, 302]",1.274
80,"[160, 302]",1.373
80,"[263, 323]",1.749
80,"[91, 418]",1.87
80,"[176, 315]",2.03
80,"[204, 313]",2.125
80,"[20, 323]",2.275
80,"[17, 294]",2.438
80,"[266, 392]",2.631
80,"[106, 266]",3.107
80,"[266, 414]",3.12
80,"[266, 266]",3.19
80,"[63, 314]",3.191
80,"[45, 256]",3.193
80,"[304, 386]",4.322
81,"[266, 360]",0.014
81,"[91, 315]",0.082
81,"[266, 294]",0.095
81,"[266, 402]",0.099
81,"[204, 266]",0.154
81,"[266, 370]",0.182
81,"[266, 385]",0.23
81,"[266, 292]",0.257
81,"[266, 386]",0.282
81,"[266, 323]",0.386
81,"[266, 445]",0.403
81,"[266, 336]",0.41
81,"[266, 302]",0.426
81,"[181, 266]",0.44
81,"[63, 266]",0.445
81,"[266, 418]",0.453
81,"[47, 266]",0.57
81,"[106, 302]",1.376
81,"[204, 302]",1.518
81,"[263, 402]",1.729
81,"[91, 187]",1.731
81,"[266, 315]",1.951
81,"[91, 169]",2.07
81,"[17, 96]",2.079
81,"[195, 402]",2.144
81,"[334, 386]",2.281
81,"[36, 50]",2.491
81,"[336, 402]",2.592
81,"[266, 392]",2.631
81,"[81, 266]",2.663
81,"[256, 266]",3.117
81,"[40, 294]",3.304
82,"[266, 360]",0.014
82,"[91, 315]",0.082
82,"[266, 294]",0.095
82,"[266, 402]",0.099
82,"[204, 266]",0.154
82,"[266, 370]",0.182
82,"[266, 385]",0.23
82,"[266, 292]",0.257
82,"[266, 386]",0.282
82,"[266, 323]",0.386
82,"[266, 445]",0.403
82,"[266, 336]",0.41
82,"[266, 302]",0.426
82,"[181, 266]",0.44
82,"[63, 266]",0.445
82,"[266, 418]",0.453
82,"[266, 315]",1.951
82,"[172, 315]",2.022
82,"[47, 315]",2.076
82,"[73, 169]",2.098
82,"[254, 315]",2.17
82,"[195, 315]",2.207
82,"[385, 402]",2.239
82,"[110, 385]",2.453
82,"[105, 266]",2.637
82,"[40, 292]",2.734
82,"[49, 266]",2.953
82,"[169, 266]",3.104
82,"[256, 266]",3.117
82,"[266, 266]",3.19
82,"[290, 445]",3.378
82,"[181, 187]",3.483
83,"[266, 360]",0.014
83,"[91, 315]",0.082
83,"[266, 294]",0.095
83,"[266, 402]",0.099
83,"[204, 266]",0.154
83,"[266, 370]",0.182
83,"[266, 385]",0.23
83,"[266, 292]",0.257
83,"[266, 386]",0.282
83,"[266, 323]",0.386
83,"[266, 445]",0.403
83,"[266, 336]",0.41
83,"[266, 302]",0.426
83,"[181, 266]",0.44
83,"[63, 266]",0.445
83,"[266, 418]",0.453
83,"[266, 359]",0.47
83,"[302, 383]",1.094
83,"[266, 280]",1.788
83,"[266, 315]",1.951
83,"[246, 315]",2.172
83,"[57, 402]",2.41
83,"[47, 402]",2.5
83,"[2, 266]",2.503
83,"[180, 266]",2.503
83,"[359, 418]",2.537
83,"[183, 266]",2.77
83,"[181, 385]",2.795
83,"[205, 266]",3.03
83,"[290, 445]",3.378
83,"[169, 436]",3.946
83,"[105, 344]",10
84,"[266, 360]",0.014
84,"[91, 315]",0.082
84,"[266, 294]",0.095
84,"[266, 402]",0.099
84,"[204, 266]",0.154
84,"[266, 370]",0.182
84,"[266, 385]",0.23
84,"[266, 383]",0.255
84,"[266, 292]",0.257
84,"[266, 386]",0.282
84,"[266, 323]",0.386
84,"[266, 445]",0.403
84,"[266, 336]",0.41
84,"[266, 302]",0.426
84,"[181, 266]",0.44
84,"[63, 266]",0.445
84,"[266, 418]",0.453
84,"[266, 423]",0.987
84,"[177, 266]",1.87
84,"[11, 266]",1.902
84,"[323, 379]",1.92
84,"[257, 266]",1.946
84,"[266, 315]",1.951
84,"[49, 315]",2.094
84,"[246, 315]",2.172
84,"[80, 266]",2.56
84,"[2, 240]",2.595
84,"[88, 266]",2.713
84,"[266, 266]",3.19
84,"[57, 280]",3.375
84,"[205, 402]",3.389
84,"[105, 436]",3.448
85,"[266, 360]",0.014
85,"[91, 315]",0.082
85,"[266, 294]",0.095
85,"[266, 402]",0.099
85,"[204, 266]",0.154
85,"[266, 370]",0.182
85,"[266, 382]",0.224
85,"[266, 385]",0.23
85,"[266, 383]",0.255
85,"[266, 292]",0.257
85,"[266, 386]",0.282
85,"[266, 436]",0.384
85,"[266, 323]",0.386
85,"[266, 445]",0.403
85,"[266, 336]",0.41
85,"[266, 302]",0.426
85,"[181, 266]",0.44
85,"[63, 266]",0.445
85,"[266, 315]",1.951
85,"[222, 402]",2.087
85,"[88, 114]",2.368
85,"[57, 402]",2.41
85,"[92, 266]",2.519
85,"[88, 266]",2.713
85,"[177, 336]",2.952
85,"[105, 445]",2.968
85,"[16, 266]",2.983
85,"[105, 250]",3.1
85,"[266, 266]",3.19
85,"[25, 266]",3.231
85,"[211, 280]",3.886
85,"[29, 266]",10
86,"[266, 360]",0.014
86,"[91, 315]",0.082
86,"[266, 294]",0.095
86,"[266, 402]",0.099
86,"[204, 266]",0.154
86,"[266, 370]",0.182
86,"[266, 382]",0.224
86,"[266, 385]",0.23
86,"[266, 383]",0.255
86,"[266, 292]",0.257
86,"[266, 386]",0.282
86,"[266, 436]",0.384
86,"[266, 323]",0.386
86,"[266, 445]",0.403
86,"[266, 336]",0.41
86,"[266, 302]",0.426
86,"[181, 266]",0.44
86,"[266, 407]",0.673
86,"[16, 237]",1.304
86,"[365, 436]",1.478
86,"[91, 299]",2.16
86,"[141, 294]",2.205
86,"[29, 382]",2.246
86,"[246, 385]",2.589
86,"[266, 273]",2.834
86,"[321, 360]",2.882
86,"[266, 266]",3.19
86,"[294, 398]",3.224
86,"[266, 281]",3.621
86,"[62, 336]",3.661
86,"[152, 294]",3.724
86,"[266, 379]",10
87,"[266, 360]",0.014
87,"[91, 315]",0.082
87,"[266, 294]",0.095
87,"[266, 402]",0.099
87,"[204, 266]",0.154
87,"[266, 370]",0.182
87,"[266, 382]",0.224
87,"[266, 385]",0.23
87,"[266, 383]",0.255
87,"[266, 292]",0.257
87,"[266, 386]",0.282
87,"[266, 436]",0.384
87,"[266, 323]",0.386
87,"[266, 445]",0.403
87,"[266, 336]",0.41
87,"[266, 302]",0.426
87,"[238, 266]",0.666
87,"[266, 407]",0.673
87,"[112, 266]",1.933
87,"[229, 266]",2.159
87,"[204, 264]",2.166
87,"[354, 360]",2.287
87,"[54, 266]",2.58
87,"[222, 321]",2.609
87,"[81, 266]",2.663
87,"[16, 30]",2.731
87,"[181, 370]",3.141
87,"[237, 395]",3.277
87,"[336, 435]",3.394
87,"[266, 281]",3.621
87,"[16, 323]",4.144
87,"[207, 299]",4.27
88,"[266, 360]",0.014
88,"[91, 315]",0.082
88,"[266, 294]",0.095
88,"[266, 402]",0.099
88,"[204, 266]",0.154
88,"[266, 370]",0.182
88,"[266, 382]",0.224
88,"[266, 385]",0.23
88,"[266, 383]",0.255
88,"[266, 292]",0.257
88,"[266, 386]",0.282
88,"[266, 436]",0.384
88,"[266, 323]",0.386
88,"[266, 445]",0.403
88,"[266, 336]",0.41
88,"[266, 302]",0.426
88,"[237, 382]",1.466
88,"[229, 266]",2.159
88,"[364, 386]",2.189
88,"[204, 385]",2.211
88,"[204, 236]",2.343
88,"[54, 381]",2.514
88,"[181, 394]",2.84
88,"[437, 445]",2.875
88,"[401, 445]",2.918
88,"[28, 266]",3.045
88,"[266, 395]",3.091
88,"[266, 266]",3.19
88,"[81, 280]",3.385
88,"[68, 336]",3.403
88,"[249, 294]",3.781
88,"[266, 431]",10
89,"[266, 360]",0.014
89,"[91, 315]",0.082
89,"[266, 294]",0.095
89,"[266, 402]",0.099
89,"[204, 266]",0.154
89,"[266, 370]",0.182
89,"[266, 382]",0.224
89,"[266, 385]",0.23
89,"[266, 383]",0.255
89,"[266, 292]",0.257
89,"[266, 386]",0.282
89,"[266, 436]",0.384
89,"[266, 323]",0.386
89,"[266, 445]",0.403
89,"[266, 336]",0.41
89,"[266, 302]",0.426
89,"[266, 317]",0.629
89,"[236, 237]",1.49
89,"[237, 385]",1.495
89,"[266, 280]",1.788
89,"[323, 364]",1.963
89,"[54, 91]",2.034
89,"[93, 266]",2.075
89,"[163, 436]",2.366
89,"[229, 395]",2.649
89,"[50, 381]",2.662
89,"[371, 402]",2.816
89,"[375, 437]",2.864
89,"[266, 395]",3.091
89,"[266, 405]",3.115
89,"[236, 441]",3.227
89,"[181, 330]",3.423
90,"[266, 360]",0.014
90,"[91, 315]",0.082
90,"[266, 294]",0.095
90,"[266, 402]",0.099
90,"[204, 266]",0.154
90,"[266, 370]",0.182
90,"[266, 382]",0.224
90,"[266, 385]",0.23
90,"[266, 383]",0.255
90,"[266, 292]",0.257
90,"[266, 386]",0.282
90,"[266, 436]",0.384
90,"[266, 323]",0.386
90,"[266, 445]",0.403
90,"[266, 336]",0.41
90,"[266, 302]",0.426
90,"[317, 323]",1.798
90,"[323, 386]",1.927
90,"[323, 358]",1.993
90,"[13, 302]",2.057
90,"[178, 323]",2.441
90,"[50, 385]",2.444
90,"[258, 395]",2.447
90,"[373, 381]",2.449
90,"[161, 436]",2.79
90,"[186, 317]",2.967
90,"[93, 189]",3.158
90,"[90, 266]",3.282
90,"[387, 405]",3.349
90,"[375, 383]",3.666
90,"[237, 383]",3.741
90,"[306, 336]",3.765
91,"[266, 360]",0.014
91,"[91, 315]",0.082
91,"[266, 294]",0.095
91,"[266, 402]",0.099
91,"[204, 266]",0.154
91,"[266, 370]",0.182
91,"[266, 382]",0.224
91,"[266, 385]",0.23
91,"[266, 383]",0.255
91,"[266, 292]",0.257
91,"[266, 386]",0.282
91,"[266, 436]",0.384
91,"[266, 323]",0.386
91,"[266, 445]",0.403
91,"[266, 336]",0.41
91,"[266, 302]",0.426
91,"[153, 237]",1.481
91,"[41, 385]",1.802
91,"[266, 315]",1.951
91,"[86, 91]",1.98
91,"[91, 385]",2.058
91,"[375, 385]",2.451
91,"[258, 336]",2.527
91,"[32, 360]",2.528
91,"[300, 358]",2.567
91,"[326, 336]",3.095
91,"[169, 266]",3.104
91,"[266, 405]",3.115
91,"[90, 405]",3.126
91,"[90, 395]",3.138
91,"[25, 266]",3.231
91,"[141, 266]",10
92,"[266, 360]",0.014
92,"[91, 315]",0.082
92,"[266, 294]",0.095
92,"[266, 402]",0.099
92,"[204, 266]",0.154
92,"[266, 370]",0.182
92,"[266, 382]",0.224
92,"[266, 385]",0.23
92,"[266, 383]",0.255
92,"[266, 292]",0.257
92,"[266, 386]",0.282
92,"[266, 436]",0.384
92,"[266, 323]",0.386
92,"[266, 445]",0.403
92,"[266, 336]",0.41
92,"[266, 302]",0.426
92,"[266, 366]",0.88
92,"[141, 315]",1.774
92,"[91, 233]",1.865
92,"[91, 387]",1.983
92,"[91, 420]",2.076
92,"[91, 171]",2.076
92,"[79, 90]",2.105
92,"[300, 315]",2.157
92,"[199, 266]",2.462
92,"[56, 153]",2.584
92,"[198, 382]",2.657
92,"[183, 266]",2.77
92,"[326, 375]",2.816
92,"[255, 266]",2.87
92,"[41, 358]",2.891
92,"[266, 266]",3.19
93,"[266, 360]",0.014
93,"[91, 315]",0.082
93,"[266, 294]",0.095
93,"[266, 402]",0.099
93,"[204, 266]",0.154
93,"[266, 370]",0.182
93,"[266, 382]",0.224
93,"[266, 385]",0.23
93,"[266, 383]",0.255
93,"[266, 292]",0.257
93,"[266, 386]",0.282
93,"[266, 436]",0.384
93,"[266, 323]",0.386
93,"[266, 445]",0.403
93,"[266, 336]",0.41
93,"[266, 302]",0.426
93,"[91, 424]",1.93
93,"[198, 420]",2.079
93,"[171, 360]",2.089
93,"[202, 326]",2.262
93,"[153, 233]",2.335
93,"[262, 360]",2.423
93,"[56, 385]",2.478
93,"[217, 386]",2.643
93,"[56, 292]",2.719
93,"[183, 266]",2.77
93,"[116, 266]",2.84
93,"[266, 411]",3.02
93,"[266, 329]",3.065
93,"[209, 323]",3.195
93,"[16, 445]",4.346
93,"[91, 266]",10
94,"[266, 360]",0.014
94,"[91, 315]",0.082
94,"[266, 294]",0.095
94,"[266, 402]",0.099
94,"[204, 266]",0.154
94,"[266, 370]",0.182
94,"[266, 382]",0.224
94,"[266, 385]",0.23
94,"[266, 383]",0.255
94,"[266, 292]",0.257
94,"[266, 386]",0.282
94,"[266, 436]",0.384
94,"[266, 323]",0.386
94,"[266, 445]",0.403
94,"[266, 336]",0.41
94,"[266, 302]",0.426
94,"[266, 315]",1.951
94,"[171, 424]",2.023
94,"[30, 382]",2.115
94,"[76, 420]",2.12
94,"[204, 434]",2.219
94,"[376, 445]",2.246
94,"[116, 323]",2.257
94,"[314, 323]",2.314
94,"[183, 266]",2.77
94,"[43, 266]",2.909
94,"[266, 329]",3.065
94,"[266, 310]",3.102
94,"[266, 414]",3.12
94,"[209, 345]",3.203
94,"[106, 385]",3.383
94,"[209, 241]",10
95,"[266, 360]",0.014
95,"[91, 315]",0.082
95,"[266, 294]",0.095
95,"[266, 402]",0.099
95,"[204, 266]",0.154
95,"[266, 370]",0.182
95,"[266, 382]",0.224
95,"[266, 385]",0.23
95,"[266, 383]",0.255
95,"[266, 292]",0.257
95,"[266, 386]",0.282
95,"[62, 266]",0.329
95,"[266, 436]",0.384
95,"[266, 323]",0.386
95,"[266, 445]",0.403
95,"[266, 336]",0.41
95,"[266, 302]",0.426
95,"[246, 266]",1.596
95,"[30, 445]",2.064
95,"[188, 266]",2.135
95,"[80, 204]",2.242
95,"[58, 445]",2.34
95,"[80, 266]",2.56
95,"[75, 436]",2.76
95,"[183, 266]",2.77
95,"[350, 402]",2.791
95,"[80, 402]",2.842
95,"[258, 266]",3.109
95,"[204, 241]",3.321
95,"[133, 370]",3.427
95,"[106, 436]",3.881
95,"[241, 385]",10
96,"[266, 360]",0.014
96,"[91, 315]",0.082
96,"[266, 294]",0.095
96,"[266, 402]",0.099
96,"[204, 266]",0.154
96,"[266, 370]",0.182
96,"[266, 382]",0.224
96,"[266, 385]",0.23
96,"[266, 383]",0.255
96,"[266, 292]",0.257
96,"[266, 386]",0.282
96,"[62, 266]",0.329
96,"[266, 436]",0.384
96,"[266, 323]",0.386
96,"[266, 445]",0.403
96,"[266, 336]",0.41
96,"[266, 338]",0.547
96,"[266, 443]",0.552
96,"[27, 75]",1.535
96,"[112, 266]",1.933
96,"[30, 386]",1.984
96,"[80, 315]",2.093
96,"[62, 370]",2.61
96,"[62, 366]",2.611
96,"[294, 350]",2.653
96,"[436, 439]",2.704
96,"[212, 445]",2.707
96,"[185, 436]",2.974
96,"[294, 357]",3.189
96,"[62, 170]",3.491
96,"[133, 391]",4.102
96,"[86, 266]",10
97,"[266, 360]",0.014
97,"[91, 315]",0.082
97,"[266, 294]",0.095
97,"[266, 402]",0.099
97,"[204, 266]",0.154
97,"[266, 370]",0.182
97,"[266, 382]",0.224
97,"[266, 385]",0.23
97,"[266, 383]",0.255
97,"[266, 292]",0.257
97,"[266, 386]",0.282
97,"[62, 266]",0.329
97,"[266, 436]",0.384
97,"[266, 323]",0.386
97,"[266, 445]",0.403
97,"[266, 336]",0.41
97,"[62, 367]",1.311
97,"[204, 365]",1.472
97,"[30, 370]",2.059
97,"[375, 443]",2.203
97,"[266, 396]",2.429
97,"[126, 436]",2.437
97,"[198, 439]",2.505
97,"[264, 294]",2.512
97,"[185, 350]",2.557
97,"[81, 266]",2.663
97,"[62, 439]",2.663
97,"[294, 439]",2.718
97,"[62, 422]",3.038
97,"[266, 266]",3.19
97,"[127, 266]",10
97,"[117, 266]",10
98,"[266, 360]",0.014
98,"[91, 315]",0.082
98,"[266, 294]",0.095
98,"[266, 402]",0.099
98,"[204, 266]",0.154
98,"[266, 370]",0.182
98,"[266, 382]",0.224
98,"[266, 385]",0.23
98,"[266, 383]",0.255
98,"[266, 292]",0.257
98,"[266, 386]",0.282
98,"[62, 266]",0.329
98,"[266, 408]",0.337
98,"[266, 436]",0.384
98,"[266, 323]",0.386
98,"[266, 445]",0.403
98,"[266, 336]",0.41
98,"[266, 443]",0.552
98,"[59, 266]",1.444
98,"[30, 367]",1.681
98,"[102, 266]",1.708
98,"[259, 266]",1.91
98,"[223, 266]",2.037
98,"[360, 386]",2.19
98,"[233, 360]",2.279
98,"[6, 126]",2.361
98,"[88, 439]",2.389
98,"[127, 325]",2.458
98,"[266, 367]",2.733
98,"[60, 439]",2.767
98,"[210, 266]",2.928
98,"[208, 370]",3.597
99,"[266, 360]",0.014
99,"[91, 315]",0.082
99,"[266, 294]",0.095
99,"[266, 402]",0.099
99,"[204, 266]",0.154
99,"[266, 370]",0.182
99,"[266, 382]",0.224
99,"[266, 385]",0.23
99,"[266, 383]",0.255
99,"[266, 292]",0.257
99,"[266, 386]",0.282
99,"[62, 266]",0.329
99,"[266, 408]",0.337
99,"[266, 436]",0.384
99,"[266, 323]",0.386
99,"[266, 445]",0.403
99,"[147, 266]",1.147
99,"[30, 402]",1.99
99,"[30, 436]",2.123
99,"[126, 266]",2.169
99,"[127, 402]",2.478
99,"[166, 408]",2.558
99,"[266, 367]",2.733
99,"[116, 266]",2.84
99,"[372, 439]",2.932
99,"[60, 367]",2.994
99,"[185, 294]",2.999
99,"[62, 422]",3.038
99,"[266, 299]",3.088
99,"[266, 266]",3.19
99,"[227, 266]",3.205
99,"[336, 366]",3.241
100,"[266, 360]",0.014
100,"[91, 315]",0.082
100,"[266, 294]",0.095
100,"[266, 402]",0.099
100,"[204, 266]",0.154
100,"[266, 370]",0.182
100,"[266, 382]",0.224
100,"[266, 385]",0.23
100,"[266, 383]",0.255
100,"[266, 292]",0.257
100,"[266, 386]",0.282
100,"[62, 266]",0.329
100,"[266, 408]",0.337
100,"[266, 436]",0.384
100,"[266, 323]",0.386
100,"[266, 445]",0.403
100,"[390, 402]",1.378
100,"[72, 383]",1.928
100,"[360, 421]",2.056
100,"[30, 45]",2.079
100,"[315, 331]",2.204
100,"[166, 303]",2.227
100,"[167, 266]",2.263
100,"[370, 428]",2.405
100,"[30, 299]",2.491
100,"[166, 439]",2.565
100,"[116, 360]",2.712
100,"[266, 367]",2.733
100,"[362, 402]",2.775
100,"[266, 422]",2.816
100,"[62, 128]",2.876
100,"[336, 368]",3.285
101,"[266, 360]",0.014
101,"[91, 315]",0.082
101,"[266, 294]",0.095
101,"[266, 402]",0.099
101,"[204, 266]",0.154
101,"[266, 370]",0.182
101,"[266, 382]",0.224
101,"[266, 385]",0.23
101,"[266, 383]",0.255
101,"[266, 292]",0.257
101,"[266, 386]",0.282
101,"[62, 266]",0.329
101,"[266, 408]",0.337
101,"[266, 436]",0.384
101,"[266, 323]",0.386
101,"[266, 445]",0.403
101,"[266, 421]",0.839
101,"[151, 315]",1.979
101,"[315, 382]",2.123
101,"[45, 95]",2.261
101,"[85, 386]",2.398
101,"[382, 390]",2.499
101,"[116, 289]",2.567
101,"[266, 367]",2.733
101,"[266, 422]",2.816
101,"[204, 383]",2.868
101,"[251, 266]",2.885
101,"[116, 155]",3.801
101,"[221, 336]",4.084
101,"[66, 323]",4.31
101,"[91, 266]",10
101,"[266, 400]",10
102,"[266, 360]",0.014
102,"[91, 315]",0.082
102,"[266, 294]",0.095
102,"[266, 402]",0.099
102,"[204, 266]",0.154
102,"[266, 370]",0.182
102,"[266, 382]",0.224
102,"[266, 385]",0.23
102,"[266, 383]",0.255
102,"[266, 292]",0.257
102,"[266, 386]",0.282
102,"[62, 266]",0.329
102,"[266, 408]",0.337
102,"[266, 436]",0.384
102,"[266, 323]",0.386
102,"[266, 445]",0.403
102,"[266, 407]",0.673
102,"[69, 400]",1.499
102,"[304, 367]",1.583
102,"[266, 315]",1.951
102,"[221, 315]",1.993
102,"[204, 386]",2.102
102,"[280, 315]",2.132
102,"[50, 386]",2.279
102,"[95, 428]",2.289
102,"[62, 360]",2.441
102,"[47, 385]",2.507
102,"[298, 382]",2.578
102,"[109, 360]",2.725
102,"[266, 422]",2.816
102,"[62, 112]",2.878
102,"[187, 266]",10
103,"[266, 360]",0.014
103,"[91, 315]",0.082
103,"[266, 294]",0.095
103,"[266, 402]",0.099
103,"[204, 266]",0.154
103,"[266, 370]",0.182
103,"[266, 382]",0.224
103,"[266, 385]",0.23
103,"[266, 383]",0.255
103,"[266, 292]",0.257
103,"[266, 386]",0.282
103,"[62, 266]",0.329
103,"[266, 408]",0.337
103,"[266, 436]",0.384
103,"[266, 323]",0.386
103,"[266, 445]",0.403
103,"[266, 428]",0.558
103,"[95, 266]",1.298
103,"[141, 385]",2.04
103,"[214, 315]",2.124
103,"[50, 315]",2.138
103,"[303, 428]",2.205
103,"[95, 360]",2.238
103,"[95, 407]",2.343
103,"[360, 429]",2.417
103,"[99, 370]",2.553
103,"[62, 433]",2.72
103,"[363, 408]",2.73
103,"[383, 424]",2.992
103,"[304, 407]",3.442
103,"[370, 430]",3.615
103,"[408, 413]",4.485
104,"[266, 360]",0.014
104,"[91, 315]",0.082
104,"[266, 294]",0.095
104,"[266, 402]",0.099
104,"[204, 266]",0.154
104,"[266, 370]",0.182
104,"[266, 382]",0.224
104,"[266, 385]",0.23
104,"[266, 383]",0.255
104,"[266, 292]",0.257
104,"[266, 386]",0.282
104,"[62, 266]",0.329
104,"[266, 408]",0.337
104,"[266, 436]",0.384
104,"[266, 323]",0.386
104,"[266, 445]",0.403
104,"[266, 428]",0.558
104,"[238, 266]",0.666
104,"[204, 352]",0.941
104,"[141, 315]",1.774
104,"[131, 408]",1.934
104,"[323, 363]",2.094
104,"[385, 419]",2.305
104,"[204, 363]",2.36
104,"[53, 141]",2.37
104,"[227, 428]",2.499
104,"[326, 402]",2.533
104,"[11, 363]",2.758
104,"[43, 266]",2.909
104,"[242, 360]",2.942
104,"[198, 433]",3.033
104,"[266, 296]",3.223
105,"[266, 360]",0.014
105,"[91, 315]",0.082
105,"[266, 294]",0.095
105,"[266, 402]",0.099
105,"[204, 266]",0.154
105,"[266, 370]",0.182
105,"[266, 382]",0.224
105,"[266, 385]",0.23
105,"[266, 383]",0.255
105,"[266, 292]",0.257
105,"[266, 386]",0.282
105,"[62, 266]",0.329
105,"[266, 408]",0.337
105,"[266, 436]",0.384
105,"[266, 323]",0.386
105,"[266, 445]",0.403
105,"[131, 319]",1.835
105,"[91, 394]",1.933
105,"[266, 315]",1.951
105,"[141, 442]",1.967
105,"[141, 404]",2.084
105,"[129, 266]",2.187
105,"[204, 385]",2.211
105,"[207, 227]",2.278
105,"[198, 360]",2.356
105,"[141, 225]",2.429
105,"[11, 434]",2.726
105,"[43, 176]",3.062
105,"[14, 227]",3.178
105,"[144, 385]",3.191
105,"[40, 436]",3.286
105,"[24, 363]",10
106,"[266, 360]",0.014
106,"[91, 315]",0.082
106,"[266, 294]",0.095
106,"[266, 402]",0.099
106,"[204, 266]",0.154
106,"[266, 370]",0.182
106,"[266, 382]",0.224
106,"[266, 385]",0.23
106,"[266, 383]",0.255
106,"[266, 292]",0.257
106,"[266, 386]",0.282
106,"[62, 266]",0.329
106,"[266, 408]",0.337
106,"[266, 436]",0.384
106,"[266, 323]",0.386
106,"[266, 445]",0.403
106,"[266, 421]",0.839
106,"[69, 131]",1.306
106,"[91, 445]",1.813
106,"[27, 176]",1.921
106,"[266, 315]",1.951
106,"[141, 362]",1.993
106,"[141, 319]",2.005
106,"[131, 363]",2.037
106,"[91, 331]",2.061
106,"[165, 436]",2.111
106,"[59, 227]",2.436
106,"[198, 266]",2.674
106,"[385, 398]",2.731
106,"[40, 292]",2.734
106,"[14, 383]",3.717
106,"[24, 294]",10
107,"[266, 360]",0.014
107,"[91, 315]",0.082
107,"[266, 294]",0.095
107,"[266, 402]",0.099
107,"[204, 266]",0.154
107,"[266, 370]",0.182
107,"[266, 382]",0.224
107,"[266, 385]",0.23
107,"[266, 383]",0.255
107,"[266, 292]",0.257
107,"[266, 386]",0.282
107,"[62, 266]",0.329
107,"[266, 408]",0.337
107,"[266, 436]",0.384
107,"[266, 323]",0.386
107,"[266, 445]",0.403
107,"[31, 266]",0.97
107,"[246, 266]",1.596
107,"[12, 421]",1.975
107,"[141, 385]",2.04
107,"[91, 363]",2.047
107,"[91, 331]",2.061
107,"[141, 383]",2.272
107,"[198, 360]",2.356
107,"[266, 309]",2.681
107,"[62, 319]",2.793
107,"[292, 402]",2.94
107,"[317, 319]",3.006
107,"[152, 266]",3.148
107,"[266, 369]",3.165
107,"[292, 310]",3.469
107,"[266, 398]",10
108,"[266, 360]",0.014
108,"[91, 315]",0.082
108,"[266, 294]",0.095
108,"[266, 402]",0.099
108,"[204, 266]",0.154
108,"[266, 370]",0.182
108,"[266, 382]",0.224
108,"[266, 385]",0.23
108,"[266, 383]",0.255
108,"[266, 292]",0.257
108,"[266, 386]",0.282
108,"[62, 266]",0.329
108,"[266, 408]",0.337
108,"[266, 436]",0.384
108,"[266, 323]",0.386
108,"[266, 445]",0.403
108,"[31, 432]",0.751
108,"[266, 421]",0.839
108,"[91, 319]",1.832
108,"[8, 141]",1.986
108,"[20, 91]",2.305
108,"[65, 266]",2.493
108,"[358, 370]",2.499
108,"[294, 385]",2.524
108,"[266, 430]",2.59
108,"[198, 402]",2.617
108,"[173, 292]",2.833
108,"[266, 266]",3.19
108,"[246, 338]",4.085
108,"[22, 266]",10
108,"[101, 266]",10
108,"[91, 266]",10
109,"[266, 360]",0.014
109,"[91, 315]",0.082
109,"[266, 294]",0.095
109,"[266, 402]",0.099
109,"[204, 266]",0.154
109,"[266, 370]",0.182
109,"[266, 355]",0.189
109,"[266, 382]",0.224
109,"[266, 385]",0.23
109,"[266, 383]",0.255
109,"[266, 292]",0.257
109,"[266, 386]",0.282
109,"[62, 266]",0.329
109,"[266, 408]",0.337
109,"[266, 436]",0.384
109,"[266, 323]",0.386
109,"[266, 445]",0.403
109,"[53, 421]",1.875
109,"[91, 156]",1.989
109,"[229, 266]",2.159
109,"[8, 327]",2.207
109,"[32, 421]",2.295
109,"[29, 385]",2.297
109,"[101, 402]",2.479
109,"[358, 408]",2.515
109,"[173, 445]",2.679
109,"[47, 62]",2.843
109,"[258, 266]",3.109
109,"[266, 266]",3.19
109,"[173, 341]",3.952
109,"[173, 266]",10
109,"[266, 269]",10
110,"[266, 360]",0.014
110,"[91, 315]",0.082
110,"[266, 294]",0.095
110,"[266, 402]",0.099
110,"[204, 266]",0.154
110,"[266, 370]",0.182
110,"[266, 355]",0.189
110,"[266, 382]",0.224
110,"[266, 385]",0.23
110,"[266, 383]",0.255
110,"[266, 292]",0.257
110,"[266, 386]",0.282
110,"[62, 266]",0.329
110,"[266, 408]",0.337
110,"[266, 436]",0.384
110,"[266, 323]",0.386
110,"[266, 441]",1.086
110,"[119, 266]",1.926
110,"[91, 227]",1.967
110,"[8, 266]",2.053
110,"[108, 386]",2.358
110,"[173, 385]",2.364
110,"[47, 380]",2.612
110,"[101, 384]",2.656
110,"[62, 294]",2.829
110,"[173, 292]",2.833
110,"[43, 266]",2.909
110,"[47, 183]",2.941
110,"[152, 370]",3.123
110,"[266, 266]",3.19
110,"[213, 294]",3.282
110,"[414, 421]",10
111,"[266, 360]",0.014
111,"[266, 434]",0.074
111,"[91, 315]",0.082
111,"[266, 294]",0.095
111,"[266, 402]",0.099
111,"[204, 266]",0.154
111,"[266, 370]",0.182
111,"[266, 355]",0.189
111,"[266, 382]",0.224
111,"[266, 385]",0.23
111,"[266, 383]",0.255
111,"[266, 292]",0.257
111,"[266, 386]",0.282
111,"[62, 266]",0.329
111,"[266, 408]",0.337
111,"[266, 436]",0.384
111,"[266, 323]",0.386
111,"[296, 421]",1.838
111,"[33, 204]",2.038
111,"[8, 266]",2.053
111,"[173, 385]",2.364
111,"[183, 429]",2.408
111,"[101, 276]",2.472
111,"[62, 370]",2.61
111,"[317, 402]",2.644
111,"[266, 304]",2.867
111,"[266, 401]",2.967
111,"[94, 266]",3.056
111,"[43, 292]",3.134
111,"[266, 266]",3.19
111,"[266, 433]",10
111,"[304, 383]",10
112,"[266, 360]",0.014
112,"[266, 434]",0.074
112,"[91, 315]",0.082
112,"[266, 294]",0.095
112,"[266, 402]",0.099
112,"[204, 266]",0.154
112,"[266, 370]",0.182
112,"[266, 355]",0.189
112,"[266, 382]",0.224
112,"[266, 385]",0.23
112,"[266, 383]",0.255
112,"[266, 292]",0.257
112,"[266, 386]",0.282
112,"[62, 266]",0.329
112,"[266, 408]",0.337
112,"[266, 436]",0.384
112,"[91, 421]",1.693
112,"[91, 362]",1.893
112,"[275, 323]",2.007
112,"[33, 138]",2.026
112,"[8, 266]",2.053
112,"[386, 404]",2.108
112,"[266, 353]",2.113
112,"[47, 204]",2.387
112,"[67, 370]",2.633
112,"[183, 292]",2.639
112,"[353, 370]",2.714
112,"[148, 266]",2.714
112,"[176, 266]",2.815
112,"[296, 372]",3.152
112,"[266, 306]",10
112,"[14, 266]",10
113,"[266, 360]",0.014
113,"[266, 434]",0.074
113,"[91, 315]",0.082
113,"[266, 294]",0.095
113,"[266, 402]",0.099
113,"[204, 266]",0.154
113,"[266, 370]",0.182
113,"[266, 355]",0.189
113,"[266, 382]",0.224
113,"[266, 385]",0.23
113,"[266, 383]",0.255
113,"[266, 292]",0.257
113,"[266, 386]",0.282
113,"[62, 266]",0.329
113,"[266, 408]",0.337
113,"[266, 436]",0.384
113,"[266, 323]",0.386
113,"[266, 445]",0.403
113,"[266, 421]",0.839
113,"[365, 408]",1.544
113,"[91, 138]",1.96
113,"[265, 323]",2.076
113,"[91, 277]",2.122
113,"[171, 370]",2.15
113,"[402, 438]",2.33
113,"[161, 204]",2.35
113,"[385, 426]",2.359
113,"[6, 14]",2.627
113,"[105, 266]",2.637
113,"[125, 436]",2.796
113,"[210, 266]",2.928
113,"[62, 382]",2.96
114,"[266, 360]",0.014
114,"[266, 434]",0.074
114,"[91, 315]",0.082
114,"[266, 294]",0.095
114,"[266, 402]",0.099
114,"[204, 266]",0.154
114,"[266, 370]",0.182
114,"[266, 355]",0.189
114,"[266, 382]",0.224
114,"[266, 385]",0.23
114,"[266, 383]",0.255
114,"[266, 292]",0.257
114,"[266, 386]",0.282
114,"[234, 266]",0.303
114,"[62, 266]",0.329
114,"[266, 408]",0.337
114,"[266, 436]",0.384
114,"[207, 365]",1.574
114,"[266, 315]",1.951
114,"[33, 266]",1.983
114,"[315, 403]",2.138
114,"[243, 385]",2.168
114,"[204, 436]",2.409
114,"[287, 408]",2.455
114,"[265, 381]",2.534
114,"[265, 432]",2.653
114,"[231, 266]",2.865
114,"[164, 426]",3.11
114,"[66, 266]",3.288
114,"[91, 383]",3.872
114,"[91, 266]",10
114,"[14, 266]",10
115,"[266, 360]",0.014
115,"[266, 434]",0.074
115,"[91, 315]",0.082
115,"[266, 294]",0.095
115,"[266, 402]",0.099
115,"[204, 266]",0.154
115,"[266, 370]",0.182
115,"[266, 355]",0.189
115,"[266, 382]",0.224
115,"[266, 385]",0.23
115,"[266, 383]",0.255
115,"[266, 292]",0.257
115,"[266, 386]",0.282
115,"[234, 266]",0.303
115,"[62, 266]",0.329
115,"[266, 408]",0.337
115,"[47, 266]",0.57
115,"[89, 266]",0.57
115,"[204, 365]",1.472
115,"[78, 315]",1.799
115,"[165, 370]",2.071
115,"[20, 243]",2.342
115,"[394, 436]",2.404
115,"[154, 204]",2.518
115,"[14, 426]",2.773
115,"[265, 266]",2.878
115,"[234, 434]",2.929
115,"[242, 266]",3.006
115,"[265, 311]",3.074
115,"[266, 266]",3.19
115,"[190, 408]",3.682
115,"[266, 277]",10
116,"[266, 360]",0.014
116,"[266, 434]",0.074
116,"[91, 315]",0.082
116,"[266, 294]",0.095
116,"[266, 402]",0.099
116,"[204, 266]",0.154
116,"[266, 370]",0.182
116,"[266, 355]",0.189
116,"[266, 382]",0.224
116,"[266, 385]",0.23
116,"[266, 383]",0.255
116,"[266, 292]",0.257
116,"[266, 386]",0.282
116,"[234, 266]",0.303
116,"[62, 266]",0.329
116,"[266, 408]",0.337
116,"[41, 78]",1.497
116,"[58, 266]",1.882
116,"[20, 106]",1.91
116,"[92, 204]",1.921
116,"[91, 159]",2.301
116,"[235, 355]",2.369
116,"[356, 408]",2.437
116,"[135, 315]",2.482
116,"[292, 326]",2.708
116,"[47, 294]",3.006
116,"[266, 395]",3.091
116,"[266, 266]",3.19
116,"[209, 434]",3.25
116,"[265, 336]",3.36
116,"[266, 426]",3.48
116,"[32, 315]",10
117,"[266, 360]",0.014
117,"[266, 434]",0.074
117,"[91, 315]",0.082
117,"[266, 294]",0.095
117,"[266, 402]",0.099
117,"[209, 266]",0.113
117,"[204, 266]",0.154
117,"[266, 370]",0.182
117,"[266, 355]",0.189
117,"[266, 382]",0.224
117,"[266, 385]",0.23
117,"[266, 383]",0.255
117,"[266, 292]",0.257
117,"[266, 386]",0.282
117,"[234, 266]",0.303
117,"[62, 266]",0.329
117,"[266, 408]",0.337
117,"[41, 297]",1.594
117,"[315, 356]",2.205
117,"[235, 266]",2.486
117,"[159, 266]",2.678
117,"[148, 265]",2.726
117,"[109, 266]",3.032
117,"[266, 329]",3.065
117,"[159, 292]",3.067
117,"[145, 292]",3.146
117,"[344, 370]",3.339
117,"[266, 426]",3.48
117,"[138, 383]",3.572
117,"[207, 336]",3.771
117,"[144, 294]",3.826
117,"[226, 266]",10
118,"[266, 360]",0.014
118,"[266, 434]",0.074
118,"[91, 315]",0.082
118,"[266, 294]",0.095
118,"[266, 402]",0.099
118,"[209, 266]",0.113
118,"[204, 266]",0.154
118,"[266, 370]",0.182
118,"[266, 355]",0.189
118,"[266, 382]",0.224
118,"[266, 385]",0.23
118,"[266, 383]",0.255
118,"[266, 292]",0.257
118,"[266, 386]",0.282
118,"[234, 266]",0.303
118,"[62, 266]",0.329
118,"[266, 271]",0.51
118,"[41, 237]",1.576
118,"[62, 315]",1.742
118,"[266, 315]",1.951
118,"[206, 235]",2.094
118,"[30, 356]",2.131
118,"[226, 315]",2.185
118,"[110, 204]",2.227
118,"[234, 318]",2.5
118,"[119, 294]",2.53
118,"[62, 382]",2.96
118,"[159, 433]",2.987
118,"[266, 266]",3.19
118,"[266, 341]",3.208
118,"[255, 292]",4.743
118,"[117, 266]",10
119,"[266, 360]",0.014
119,"[266, 434]",0.074
119,"[91, 315]",0.082
119,"[266, 294]",0.095
119,"[266, 402]",0.099
119,"[209, 266]",0.113
119,"[204, 266]",0.154
119,"[266, 370]",0.182
119,"[266, 355]",0.189
119,"[266, 382]",0.224
119,"[266, 385]",0.23
119,"[266, 383]",0.255
119,"[266, 292]",0.257
119,"[266, 386]",0.282
119,"[234, 266]",0.303
119,"[62, 266]",0.329
119,"[91, 294]",1.88
119,"[266, 272]",2.195
119,"[30, 252]",2.203
119,"[117, 294]",2.234
119,"[402, 435]",2.436
119,"[235, 266]",2.486
119,"[294, 329]",2.71
119,"[115, 385]",2.713
119,"[149, 266]",2.931
119,"[10, 315]",3.006
119,"[85, 382]",3.058
119,"[266, 266]",3.19
119,"[266, 344]",3.219
119,"[234, 405]",3.552
119,"[30, 315]",10
119,"[51, 315]",10
120,"[266, 360]",0.014
120,"[266, 434]",0.074
120,"[91, 315]",0.082
120,"[266, 294]",0.095
120,"[266, 402]",0.099
120,"[209, 266]",0.113
120,"[204, 266]",0.154
120,"[266, 370]",0.182
120,"[266, 355]",0.189
120,"[266, 382]",0.224
120,"[266, 385]",0.23
120,"[266, 383]",0.255
120,"[266, 292]",0.257
120,"[266, 386]",0.282
120,"[234, 266]",0.303
120,"[62, 266]",0.329
120,"[147, 266]",1.147
120,"[204, 320]",2.048
120,"[204, 360]",2.199
120,"[204, 385]",2.211
120,"[91, 344]",2.265
120,"[50, 266]",2.313
120,"[402, 434]",2.451
120,"[402, 402]",2.497
120,"[14, 294]",2.713
120,"[221, 402]",2.919
120,"[266, 435]",2.927
120,"[10, 133]",2.977
120,"[42, 209]",3.208
120,"[66, 266]",3.288
120,"[294, 396]",3.355
120,"[329, 368]",3.713
121,"[266, 360]",0.014
121,"[266, 434]",0.074
121,"[91, 315]",0.082
121,"[266, 294]",0.095
121,"[266, 402]",0.099
121,"[209, 266]",0.113
121,"[204, 266]",0.154
121,"[266, 370]",0.182
121,"[266, 355]",0.189
121,"[266, 382]",0.224
121,"[266, 385]",0.23
121,"[266, 383]",0.255
121,"[266, 292]",0.257
121,"[266, 386]",0.282
121,"[234, 266]",0.303
121,"[62, 266]",0.329
121,"[238, 266]",0.666
121,"[111, 370]",1.901
121,"[196, 204]",2.142
121,"[14, 206]",2.375
121,"[204, 292]",2.381
121,"[233, 402]",2.453
121,"[354, 368]",2.482
121,"[42, 382]",2.661
121,"[350, 402]",2.791
121,"[110, 382]",2.867
121,"[133, 266]",3.102
121,"[266, 266]",3.19
121,"[266, 347]",3.236
121,"[209, 434]",3.25
121,"[57, 133]",3.496
121,"[66, 133]",10
122,"[266, 360]",0.014
122,"[266, 434]",0.074
122,"[91, 315]",0.082
122,"[266, 294]",0.095
122,"[266, 402]",0.099
122,"[209, 266]",0.113
122,"[204, 266]",0.154
122,"[266, 370]",0.182
122,"[266, 355]",0.189
122,"[266, 382]",0.224
122,"[266, 385]",0.23
122,"[266, 383]",0.255
122,"[266, 292]",0.257
122,"[266, 386]",0.282
122,"[234, 266]",0.303
122,"[62, 266]",0.329
122,"[266, 407]",0.673
122,"[266, 319]",0.731
122,"[53, 91]",1.901
122,"[264, 266]",2.444
122,"[10, 57]",2.503
122,"[251, 370]",2.521
122,"[266, 368]",3.051
122,"[116, 292]",3.081
122,"[266, 266]",3.19
122,"[234, 427]",3.302
122,"[66, 292]",3.651
122,"[133, 377]",3.82
122,"[133, 240]",3.933
122,"[66, 356]",4.34
122,"[91, 266]",10
122,"[24, 266]",10
123,"[266, 360]",0.014
123,"[266, 434]",0.074
123,"[91, 315]",0.082
123,"[266, 294]",0.095
123,"[266, 402]",0.099
123,"[209, 266]",0.113
123,"[204, 266]",0.154
123,"[266, 370]",0.182
123,"[266, 355]",0.189
123,"[266, 382]",0.224
123,"[266, 385]",0.23
123,"[266, 383]",0.255
123,"[266, 292]",0.257
123,"[266, 386]",0.282
123,"[234, 266]",0.303
123,"[62, 266]",0.329
123,"[91, 402]",1.713
123,"[91, 294]",1.88
123,"[264, 266]",2.444
123,"[317, 370]",2.476
123,"[1, 434]",2.552
123,"[120, 209]",2.771
123,"[61, 266]",2.886
123,"[266, 266]",3.19
123,"[66, 259]",3.219
123,"[221, 266]",3.222
123,"[256, 292]",3.257
123,"[137, 266]",3.28
123,"[133, 292]",3.341
123,"[266, 269]",10
123,"[24, 186]",10
123,"[35, 266]",10
124,"[266, 360]",0.014
124,"[266, 434]",0.074
124,"[91, 315]",0.082
124,"[266, 294]",0.095
124,"[266, 402]",0.099
124,"[209, 266]",0.113
124,"[204, 266]",0.154
124,"[266, 370]",0.182
124,"[266, 355]",0.189
124,"[266, 382]",0.224
124,"[266, 385]",0.23
124,"[266, 383]",0.255
124,"[266, 292]",0.257
124,"[266, 386]",0.282
124,"[234, 266]",0.303
124,"[62, 266]",0.329
124,"[145, 266]",0.422
124,"[91, 355]",1.836
124,"[120, 323]",1.991
124,"[104, 266]",2.138
124,"[17, 120]",2.241
124,"[129, 264]",2.289
124,"[120, 382]",2.342
124,"[204, 292]",2.381
124,"[111, 383]",2.578
124,"[53, 269]",2.764
124,"[133, 392]",3.183
124,"[266, 266]",3.19
124,"[234, 383]",4.036
124,"[209, 209]",4.547
124,"[209, 430]",4.775
124,"[263, 266]",10
125,"[266, 360]",0.014
125,"[266, 434]",0.074
125,"[91, 315]",0.082
125,"[266, 294]",0.095
125,"[266, 402]",0.099
125,"[209, 266]",0.113
125,"[204, 266]",0.154
125,"[266, 370]",0.182
125,"[266, 355]",0.189
125,"[266, 382]",0.224
125,"[266, 385]",0.23
125,"[266, 383]",0.255
125,"[266, 292]",0.257
125,"[266, 386]",0.282
125,"[234, 266]",0.303
125,"[62, 266]",0.329
125,"[259, 266]",1.91
125,"[163, 204]",2.23
125,"[84, 266]",2.27
125,"[264, 266]",2.444
125,"[49, 145]",2.459
125,"[104, 292]",2.501
125,"[266, 342]",2.806
125,"[120, 383]",2.893
125,"[145, 377]",3.139
125,"[209, 388]",3.197
125,"[134, 204]",3.218
125,"[209, 292]",3.234
125,"[294, 400]",3.339
125,"[383, 399]",3.811
125,"[266, 374]",10
125,"[32, 266]",10
126,"[266, 360]",0.014
126,"[266, 434]",0.074
126,"[91, 315]",0.082
126,"[266, 294]",0.095
126,"[266, 402]",0.099
126,"[209, 266]",0.113
126,"[204, 266]",0.154
126,"[266, 370]",0.182
126,"[266, 355]",0.189
126,"[266, 382]",0.224
126,"[266, 385]",0.23
126,"[266, 383]",0.255
126,"[266, 292]",0.257
126,"[266, 386]",0.282
126,"[234, 266]",0.303
126,"[62, 266]",0.329
126,"[266, 323]",0.386
126,"[134, 315]",0.746
126,"[246, 266]",1.596
126,"[120, 266]",2.063
126,"[120, 335]",2.09
126,"[145, 284]",2.154
126,"[294, 402]",2.527
126,"[254, 402]",2.653
126,"[168, 294]",2.769
126,"[50, 355]",2.797
126,"[11, 292]",2.808
126,"[266, 266]",3.19
126,"[234, 355]",3.526
126,"[152, 209]",3.844
126,"[32, 266]",10
126,"[212, 266]",10
127,"[266, 360]",0.014
127,"[266, 434]",0.074
127,"[91, 315]",0.082
127,"[266, 294]",0.095
127,"[266, 402]",0.099
127,"[209, 266]",0.113
127,"[204, 266]",0.154
127,"[266, 370]",0.182
127,"[266, 355]",0.189
127,"[266, 382]",0.224
127,"[266, 385]",0.23
127,"[266, 383]",0.255
127,"[266, 292]",0.257
127,"[266, 386]",0.282
127,"[234, 266]",0.303
127,"[62, 266]",0.329
127,"[225, 266]",1.831
127,"[272, 315]",1.892
127,"[120, 143]",1.904
127,"[62, 323]",2.106
127,"[123, 294]",2.463
127,"[168, 370]",2.489
127,"[50, 80]",2.653
127,"[11, 54]",2.66
127,"[234, 402]",2.818
127,"[94, 266]",3.056
127,"[315, 436]",3.069
127,"[209, 434]",3.25
127,"[152, 267]",3.292
127,"[234, 294]",3.47
127,"[152, 355]",3.762
127,"[212, 266]",10
128,"[266, 360]",0.014
128,"[266, 434]",0.074
128,"[91, 315]",0.082
128,"[266, 294]",0.095
128,"[266, 402]",0.099
128,"[209, 266]",0.113
128,"[266, 267]",0.115
128,"[204, 266]",0.154
128,"[266, 370]",0.182
128,"[266, 355]",0.189
128,"[266, 382]",0.224
128,"[266, 385]",0.23
128,"[266, 383]",0.255
128,"[266, 292]",0.257
128,"[266, 386]",0.282
128,"[234, 266]",0.303
128,"[62, 266]",0.329
128,"[266, 436]",0.384
128,"[111, 143]",1.528
128,"[262, 266]",1.585
128,"[11, 266]",1.902
128,"[91, 386]",2.003
128,"[143, 168]",2.076
128,"[315, 434]",2.189
128,"[359, 434]",2.441
128,"[62, 80]",2.666
128,"[74, 225]",2.673
128,"[234, 269]",2.954
128,"[11, 35]",3.277
128,"[9, 62]",3.491
128,"[234, 240]",3.684
128,"[208, 209]",4.179
129,"[266, 360]",0.014
129,"[266, 434]",0.074
129,"[91, 315]",0.082
129,"[266, 294]",0.095
129,"[266, 402]",0.099
129,"[209, 266]",0.113
129,"[266, 267]",0.115
129,"[204, 266]",0.154
129,"[266, 370]",0.182
129,"[266, 355]",0.189
129,"[266, 382]",0.224
129,"[266, 385]",0.23
129,"[266, 383]",0.255
129,"[266, 292]",0.257
129,"[266, 386]",0.282
129,"[234, 266]",0.303
129,"[143, 266]",0.893
129,"[102, 266]",1.708
129,"[11, 266]",1.902
129,"[111, 160]",1.959
129,"[91, 438]",1.969
129,"[229, 266]",2.159
129,"[91, 422]",2.23
129,"[74, 434]",2.41
129,"[386, 422]",2.415
129,"[62, 360]",2.441
129,"[62, 269]",2.589
129,"[73, 266]",2.858
129,"[234, 370]",2.943
129,"[62, 314]",3.16
129,"[209, 429]",3.504
129,"[262, 413]",4.611
130,"[266, 360]",0.014
130,"[266, 434]",0.074
130,"[91, 315]",0.082
130,"[266, 294]",0.095
130,"[266, 402]",0.099
130,"[209, 266]",0.113
130,"[266, 267]",0.115
130,"[204, 266]",0.154
130,"[266, 370]",0.182
130,"[266, 355]",0.189
130,"[266, 382]",0.224
130,"[266, 385]",0.23
130,"[266, 383]",0.255
130,"[266, 292]",0.257
130,"[266, 386]",0.282
130,"[234, 266]",0.303
130,"[229, 286]",1.734
130,"[91, 386]",2.003
130,"[65, 386]",2.415
130,"[262, 360]",2.423
130,"[345, 434]",2.535
130,"[102, 328]",2.539
130,"[266, 304]",2.867
130,"[209, 269]",3.025
130,"[266, 438]",3.086
130,"[116, 262]",3.132
130,"[266, 266]",3.19
130,"[191, 266]",3.206
130,"[62, 192]",3.23
130,"[234, 413]",4.261
130,"[21, 266]",10
130,"[266, 429]",10
131,"[266, 360]",0.014
131,"[266, 434]",0.074
131,"[91, 315]",0.082
131,"[266, 294]",0.095
131,"[266, 402]",0.099
131,"[209, 266]",0.113
131,"[266, 267]",0.115
131,"[204, 266]",0.154
131,"[266, 370]",0.182
131,"[266, 355]",0.189
131,"[266, 382]",0.224
131,"[266, 385]",0.23
131,"[266, 383]",0.255
131,"[266, 292]",0.257
131,"[266, 386]",0.282
131,"[234, 266]",0.303
131,"[125, 266]",2.205
131,"[204, 434]",2.219
131,"[143, 234]",2.334
131,"[363, 386]",2.348
131,"[19, 438]",2.382
131,"[21, 262]",2.528
131,"[159, 266]",2.678
131,"[176, 382]",2.697
131,"[266, 346]",2.901
131,"[159, 385]",2.909
131,"[102, 402]",2.926
131,"[234, 269]",2.954
131,"[116, 359]",2.973
131,"[116, 355]",3.122
131,"[266, 266]",3.19
131,"[71, 266]",10
132,"[266, 360]",0.014
132,"[266, 434]",0.074
132,"[91, 315]",0.082
132,"[266, 294]",0.095
132,"[266, 402]",0.099
132,"[209, 266]",0.113
132,"[266, 267]",0.115
132,"[204, 266]",0.154
132,"[266, 370]",0.182
132,"[266, 355]",0.189
132,"[266, 382]",0.224
132,"[266, 385]",0.23
132,"[266, 383]",0.255
132,"[266, 292]",0.257
132,"[266, 386]",0.282
132,"[234, 266]",0.303
132,"[196, 360]",2.205
132,"[21, 303]",2.241
132,"[71, 385]",2.402
132,"[71, 269]",2.408
132,"[102, 385]",2.444
132,"[65, 266]",2.493
132,"[266, 346]",2.901
132,"[161, 234]",3.059
132,"[266, 266]",3.19
132,"[78, 292]",3.245
132,"[250, 292]",3.3
132,"[135, 209]",3.829
132,"[28, 116]",3.964
132,"[262, 425]",4.406
132,"[60, 266]",10
132,"[79, 266]",10
133,"[266, 360]",0.014
133,"[266, 434]",0.074
133,"[91, 315]",0.082
133,"[266, 294]",0.095
133,"[266, 402]",0.099
133,"[209, 266]",0.113
133,"[266, 267]",0.115
133,"[204, 266]",0.154
133,"[266, 370]",0.182
133,"[266, 355]",0.189
133,"[266, 382]",0.224
133,"[266, 385]",0.23
133,"[266, 383]",0.255
133,"[266, 292]",0.257
133,"[266, 386]",0.282
133,"[234, 266]",0.303
133,"[59, 266]",1.444
133,"[262, 266]",1.585
133,"[196, 385]",2.155
133,"[161, 386]",2.324
133,"[292, 381]",2.656
133,"[102, 292]",2.834
133,"[73, 266]",2.858
133,"[251, 266]",2.885
133,"[294, 399]",2.901
133,"[266, 410]",2.997
133,"[78, 360]",3.064
133,"[266, 299]",3.088
133,"[266, 266]",3.19
133,"[221, 266]",3.222
133,"[63, 209]",3.345
133,"[266, 425]",3.354
134,"[266, 360]",0.014
134,"[266, 434]",0.074
134,"[91, 315]",0.082
134,"[266, 294]",0.095
134,"[266, 402]",0.099
134,"[209, 266]",0.113
134,"[266, 267]",0.115
134,"[204, 266]",0.154
134,"[266, 370]",0.182
134,"[266, 355]",0.189
134,"[266, 382]",0.224
134,"[266, 385]",0.23
134,"[266, 383]",0.255
134,"[266, 292]",0.257
134,"[266, 386]",0.282
134,"[234, 266]",0.303
134,"[181, 266]",0.44
134,"[192, 266]",0.618
134,"[155, 266]",1.442
134,"[266, 308]",1.478
134,"[62, 315]",1.742
134,"[266, 315]",1.951
134,"[233, 315]",2.138
134,"[158, 266]",2.403
134,"[221, 385]",2.539
134,"[185, 266]",2.559
134,"[266, 299]",3.088
134,"[59, 211]",3.625
134,"[107, 209]",3.641
134,"[106, 383]",4.566
134,"[32, 266]",10
134,"[86, 266]",10
135,"[266, 360]",0.014
135,"[266, 434]",0.074
135,"[91, 315]",0.082
135,"[266, 294]",0.095
135,"[266, 402]",0.099
135,"[209, 266]",0.113
135,"[266, 267]",0.115
135,"[204, 266]",0.154
135,"[266, 370]",0.182
135,"[266, 355]",0.189
135,"[266, 382]",0.224
135,"[266, 385]",0.23
135,"[266, 383]",0.255
135,"[266, 292]",0.257
135,"[266, 386]",0.282
135,"[234, 266]",0.303
135,"[131, 185]",1.854
135,"[266, 315]",1.951
135,"[155, 320]",2.528
135,"[59, 402]",2.676
135,"[192, 203]",2.703
135,"[58, 192]",2.71
135,"[262, 382]",2.716
135,"[234, 385]",2.877
135,"[221, 434]",2.92
135,"[59, 363]",3.056
135,"[158, 383]",3.165
135,"[266, 266]",3.19
135,"[28, 402]",3.205
135,"[181, 299]",3.567
135,"[91, 266]",10
135,"[117, 266]",10
136,"[266, 360]",0.014
136,"[266, 434]",0.074
136,"[91, 315]",0.082
136,"[266, 294]",0.095
136,"[266, 402]",0.099
136,"[209, 266]",0.113
136,"[266, 267]",0.115
136,"[204, 266]",0.154
136,"[266, 370]",0.182
136,"[266, 355]",0.189
136,"[266, 382]",0.224
136,"[266, 385]",0.23
136,"[266, 383]",0.255
136,"[266, 292]",0.257
136,"[266, 386]",0.282
136,"[234, 266]",0.303
136,"[62, 266]",0.329
136,"[31, 91]",0.926
136,"[28, 315]",1.836
136,"[91, 375]",1.86
136,"[91, 394]",1.933
136,"[158, 294]",2.054
136,"[158, 375]",2.098
136,"[204, 386]",2.102
136,"[177, 385]",2.302
136,"[197, 267]",2.592
136,"[266, 290]",2.744
136,"[244, 266]",2.862
136,"[262, 377]",3.109
136,"[266, 316]",3.227
136,"[155, 267]",3.488
136,"[221, 355]",3.802
137,"[266, 360]",0.014
137,"[266, 434]",0.074
137,"[91, 315]",0.082
137,"[266, 294]",0.095
137,"[266, 402]",0.099
137,"[209, 266]",0.113
137,"[266, 267]",0.115
137,"[204, 266]",0.154
137,"[266, 370]",0.182
137,"[266, 355]",0.189
137,"[266, 382]",0.224
137,"[266, 385]",0.23
137,"[266, 383]",0.255
137,"[266, 292]",0.257
137,"[266, 386]",0.282
137,"[234, 266]",0.303
137,"[81, 158]",2.003
137,"[158, 268]",2.006
137,"[262, 324]",2.079
137,"[195, 370]",2.129
137,"[13, 386]",2.15
137,"[158, 292]",2.213
137,"[177, 244]",2.303
137,"[10, 266]",2.549
137,"[155, 178]",2.653
137,"[268, 355]",2.787
137,"[272, 375]",2.79
137,"[231, 266]",2.865
137,"[200, 266]",2.914
137,"[355, 357]",3.292
137,"[155, 388]",3.33
137,"[28, 105]",4.032
138,"[266, 360]",0.014
138,"[266, 434]",0.074
138,"[91, 315]",0.082
138,"[266, 294]",0.095
138,"[266, 402]",0.099
138,"[209, 266]",0.113
138,"[266, 267]",0.115
138,"[204, 266]",0.154
138,"[266, 370]",0.182
138,"[266, 355]",0.189
138,"[266, 382]",0.224
138,"[266, 385]",0.23
138,"[266, 383]",0.255
138,"[266, 292]",0.257
138,"[266, 386]",0.282
138,"[234, 266]",0.303
138,"[266, 388]",0.395
138,"[91, 360]",1.992
138,"[13, 96]",2.101
138,"[10, 18]",2.254
138,"[272, 386]",2.256
138,"[22, 268]",2.388
138,"[195, 259]",2.477
138,"[232, 382]",2.539
138,"[58, 357]",2.565
138,"[105, 177]",2.739
138,"[154, 266]",2.891
138,"[182, 294]",2.912
138,"[266, 373]",3.053
138,"[105, 250]",3.1
138,"[68, 268]",3.114
138,"[266, 266]",3.19
139,"[266, 360]",0.014
139,"[266, 434]",0.074
139,"[91, 315]",0.082
139,"[266, 294]",0.095
139,"[266, 402]",0.099
139,"[209, 266]",0.113
139,"[266, 267]",0.115
139,"[204, 266]",0.154
139,"[266, 370]",0.182
139,"[266, 355]",0.189
139,"[266, 382]",0.224
139,"[266, 385]",0.23
139,"[266, 383]",0.255
139,"[266, 292]",0.257
139,"[266, 386]",0.282
139,"[234, 266]",0.303
139,"[105, 386]",2.226
139,"[22, 250]",2.365
139,"[22, 384]",2.396
139,"[22, 357]",2.399
139,"[268, 380]",2.491
139,"[232, 250]",2.504
139,"[360, 396]",2.676
139,"[267, 401]",2.75
139,"[266, 348]",2.885
139,"[251, 266]",2.885
139,"[234, 259]",3.108
139,"[266, 296]",3.223
139,"[402, 441]",3.537
139,"[105, 383]",3.817
139,"[74, 266]",10
139,"[132, 266]",10
140,"[266, 360]",0.014
140,"[266, 434]",0.074
140,"[91, 315]",0.082
140,"[266, 294]",0.095
140,"[266, 402]",0.099
140,"[209, 266]",0.113
140,"[266, 267]",0.115
140,"[204, 266]",0.154
140,"[266, 370]",0.182
140,"[266, 355]",0.189
140,"[266, 382]",0.224
140,"[266, 385]",0.23
140,"[266, 383]",0.255
140,"[266, 292]",0.257
140,"[266, 386]",0.282
140,"[234, 266]",0.303
140,"[19, 266]",0.596
140,"[39, 266]",1.512
140,"[22, 360]",1.931
140,"[91, 234]",2.002
140,"[266, 353]",2.113
140,"[209, 386]",2.28
140,"[288, 360]",2.308
140,"[22, 83]",2.387
140,"[1, 401]",2.606
140,"[49, 292]",2.706
140,"[267, 382]",2.788
140,"[251, 266]",2.885
140,"[132, 437]",2.982
140,"[152, 266]",3.148
140,"[266, 266]",3.19
140,"[5, 105]",4.17
141,"[266, 360]",0.014
141,"[266, 434]",0.074
141,"[91, 315]",0.082
141,"[266, 294]",0.095
141,"[266, 402]",0.099
141,"[209, 266]",0.113
141,"[266, 267]",0.115
141,"[204, 266]",0.154
141,"[266, 370]",0.182
141,"[266, 355]",0.189
141,"[266, 382]",0.224
141,"[266, 385]",0.23
141,"[266, 383]",0.255
141,"[266, 292]",0.257
141,"[266, 386]",0.282
141,"[234, 266]",0.303
141,"[49, 91]",1.862
141,"[177, 266]",1.87
141,"[252, 266]",1.9
141,"[258, 360]",2.164
141,"[204, 407]",2.258
141,"[288, 348]",2.326
141,"[22, 355]",2.425
141,"[330, 382]",2.665
141,"[267, 267]",2.693
141,"[132, 434]",2.694
141,"[1, 83]",2.922
141,"[49, 266]",2.953
141,"[49, 68]",3.306
141,"[266, 425]",3.354
141,"[132, 207]",3.842
141,"[5, 241]",10
142,"[266, 360]",0.014
142,"[266, 434]",0.074
142,"[91, 315]",0.082
142,"[266, 294]",0.095
142,"[266, 402]",0.099
142,"[209, 266]",0.113
142,"[266, 267]",0.115
142,"[204, 266]",0.154
142,"[266, 370]",0.182
142,"[266, 355]",0.189
142,"[266, 382]",0.224
142,"[266, 385]",0.23
142,"[266, 383]",0.255
142,"[266, 292]",0.257
142,"[266, 386]",0.282
142,"[234, 266]",0.303
142,"[91, 382]",1.83
142,"[186, 266]",1.902
142,"[266, 272]",2.195
142,"[29, 382]",2.246
142,"[95, 434]",2.312
142,"[355, 380]",2.442
142,"[266, 442]",3.022
142,"[68, 266]",3.046
142,"[49, 83]",3.109
142,"[266, 337]",3.132
142,"[266, 266]",3.19
142,"[177, 211]",3.222
142,"[155, 267]",3.488
142,"[209, 382]",3.89
142,"[266, 433]",10
142,"[241, 343]",10
143,"[266, 360]",0.014
143,"[266, 434]",0.074
143,"[91, 315]",0.082
143,"[266, 294]",0.095
143,"[266, 402]",0.099
143,"[209, 266]",0.113
143,"[266, 267]",0.115
143,"[204, 266]",0.154
143,"[266, 370]",0.182
143,"[266, 355]",0.189
143,"[266, 382]",0.224
143,"[266, 385]",0.23
143,"[266, 383]",0.255
143,"[266, 292]",0.257
143,"[266, 386]",0.282
143,"[234, 266]",0.303
143,"[266, 424]",0.329
143,"[266, 350]",0.507
143,"[143, 266]",0.893
143,"[91, 309]",1.055
143,"[263, 360]",1.912
143,"[234, 432]",2.283
143,"[29, 360]",2.286
143,"[132, 177]",2.488
143,"[95, 398]",2.581
143,"[186, 343]",2.609
143,"[355, 434]",2.614
143,"[427, 433]",3.0
143,"[266, 442]",3.022
143,"[125, 209]",3.063
143,"[266, 266]",3.19
143,"[234, 382]",3.74
144,"[266, 360]",0.014
144,"[266, 434]",0.074
144,"[91, 315]",0.082
144,"[266, 294]",0.095
144,"[266, 402]",0.099
144,"[209, 266]",0.113
144,"[266, 267]",0.115
144,"[204, 266]",0.154
144,"[266, 370]",0.182
144,"[266, 355]",0.189
144,"[266, 382]",0.224
144,"[266, 385]",0.23
144,"[266, 383]",0.255
144,"[266, 292]",0.257
144,"[266, 386]",0.282
144,"[234, 266]",0.303
144,"[125, 367]",0.987
144,"[147, 266]",1.147
144,"[29, 33]",1.576
144,"[263, 334]",2.031
144,"[288, 315]",2.152
144,"[360, 376]",2.223
144,"[376, 433]",2.231
144,"[91, 398]",2.37
144,"[2, 266]",2.503
144,"[54, 266]",2.58
144,"[266, 415]",2.643
144,"[266, 340]",2.884
144,"[266, 442]",3.022
144,"[355, 391]",3.106
144,"[34, 234]",3.651
144,"[132, 266]",10
145,"[266, 360]",0.014
145,"[266, 434]",0.074
145,"[266, 371]",0.074
145,"[91, 315]",0.082
145,"[266, 294]",0.095
145,"[266, 402]",0.099
145,"[209, 266]",0.113
145,"[266, 267]",0.115
145,"[204, 266]",0.154
145,"[266, 370]",0.182
145,"[266, 355]",0.189
145,"[266, 382]",0.224
145,"[266, 385]",0.23
145,"[266, 383]",0.255
145,"[266, 292]",0.257
145,"[266, 386]",0.282
145,"[234, 266]",0.303
145,"[91, 288]",1.653
145,"[73, 370]",2.031
145,"[98, 266]",2.217
145,"[266, 389]",2.455
145,"[2, 266]",2.503
145,"[81, 292]",2.608
145,"[47, 54]",2.63
145,"[266, 288]",2.797
145,"[390, 398]",2.849
145,"[101, 209]",2.868
145,"[433, 440]",3.0
145,"[266, 266]",3.19
145,"[234, 267]",3.434
145,"[202, 315]",3.565
145,"[209, 294]",3.619
146,"[266, 360]",0.014
146,"[266, 434]",0.074
146,"[266, 371]",0.074
146,"[91, 315]",0.082
146,"[266, 294]",0.095
146,"[266, 402]",0.099
146,"[209, 266]",0.113
146,"[266, 267]",0.115
146,"[204, 266]",0.154
146,"[266, 370]",0.182
146,"[266, 355]",0.189
146,"[266, 382]",0.224
146,"[266, 385]",0.23
146,"[266, 383]",0.255
146,"[266, 292]",0.257
146,"[266, 386]",0.282
146,"[266, 323]",0.386
146,"[11, 266]",1.902
146,"[54, 91]",2.034
146,"[8, 266]",2.053
146,"[158, 234]",2.193
146,"[104, 267]",2.365
146,"[261, 266]",2.522
146,"[398, 443]",2.56
146,"[55, 433]",2.733
146,"[63, 294]",2.778
146,"[266, 337]",3.132
146,"[209, 370]",3.353
146,"[209, 321]",3.422
146,"[234, 267]",3.434
146,"[47, 317]",4.638
146,"[91, 266]",10
147,"[266, 360]",0.014
147,"[266, 434]",0.074
147,"[266, 371]",0.074
147,"[91, 315]",0.082
147,"[266, 294]",0.095
147,"[266, 402]",0.099
147,"[209, 266]",0.113
147,"[266, 267]",0.115
147,"[204, 266]",0.154
147,"[266, 370]",0.182
147,"[266, 355]",0.189
147,"[266, 382]",0.224
147,"[266, 385]",0.23
147,"[266, 383]",0.255
147,"[266, 292]",0.257
147,"[266, 386]",0.282
147,"[234, 266]",0.303
147,"[11, 302]",1.223
147,"[266, 391]",1.521
147,"[8, 317]",1.812
147,"[91, 415]",2.024
147,"[143, 294]",2.267
147,"[285, 294]",2.296
147,"[204, 433]",2.301
147,"[104, 267]",2.365
147,"[266, 289]",2.388
147,"[10, 47]",2.522
147,"[8, 315]",2.555
147,"[116, 386]",2.577
147,"[11, 93]",2.923
147,"[209, 360]",2.99
147,"[256, 266]",3.117
148,"[266, 360]",0.014
148,"[266, 434]",0.074
148,"[266, 371]",0.074
148,"[91, 315]",0.082
148,"[266, 294]",0.095
148,"[266, 402]",0.099
148,"[209, 266]",0.113
148,"[266, 267]",0.115
148,"[204, 266]",0.154
148,"[266, 370]",0.182
148,"[266, 355]",0.189
148,"[266, 382]",0.224
148,"[266, 385]",0.23
148,"[266, 383]",0.255
148,"[266, 292]",0.257
148,"[266, 386]",0.282
148,"[155, 266]",1.442
148,"[91, 286]",1.476
148,"[285, 302]",1.479
148,"[8, 289]",2.113
148,"[250, 266]",2.123
148,"[143, 389]",2.248
148,"[285, 391]",2.276
148,"[354, 434]",2.363
148,"[93, 141]",2.401
148,"[167, 360]",2.442
148,"[124, 402]",2.973
148,"[126, 209]",3.065
148,"[191, 204]",3.073
148,"[65, 382]",3.104
148,"[48, 294]",3.739
148,"[91, 266]",10
149,"[266, 360]",0.014
149,"[266, 434]",0.074
149,"[266, 371]",0.074
149,"[91, 315]",0.082
149,"[266, 294]",0.095
149,"[266, 402]",0.099
149,"[209, 266]",0.113
149,"[266, 267]",0.115
149,"[204, 266]",0.154
149,"[266, 370]",0.182
149,"[266, 355]",0.189
149,"[266, 382]",0.224
149,"[266, 385]",0.23
149,"[266, 383]",0.255
149,"[266, 292]",0.257
149,"[266, 386]",0.282
149,"[266, 391]",1.521
149,"[17, 302]",1.865
149,"[257, 286]",2.001
149,"[167, 245]",2.109
149,"[168, 289]",2.296
149,"[36, 48]",2.422
149,"[236, 266]",2.514
149,"[37, 155]",2.553
149,"[363, 370]",2.594
149,"[99, 124]",2.926
149,"[124, 294]",2.957
149,"[48, 360]",2.992
149,"[105, 355]",3.108
149,"[266, 414]",3.12
149,"[266, 296]",3.223
149,"[97, 294]",3.272
150,"[266, 360]",0.014
150,"[266, 434]",0.074
150,"[266, 371]",0.074
150,"[91, 315]",0.082
150,"[266, 294]",0.095
150,"[266, 402]",0.099
150,"[209, 266]",0.113
150,"[266, 267]",0.115
150,"[204, 266]",0.154
150,"[266, 370]",0.182
150,"[266, 355]",0.189
150,"[266, 382]",0.224
150,"[266, 385]",0.23
150,"[266, 383]",0.255
150,"[266, 292]",0.257
150,"[266, 386]",0.282
150,"[204, 270]",2.324
150,"[215, 236]",2.563
150,"[48, 177]",2.593
150,"[355, 370]",2.659
150,"[266, 286]",2.738
150,"[236, 294]",2.943
150,"[266, 327]",3.045
150,"[74, 155]",3.079
150,"[339, 360]",3.161
150,"[266, 266]",3.19
150,"[249, 266]",3.224
150,"[97, 218]",3.225
150,"[5, 48]",4.334
150,"[155, 250]",4.417
150,"[155, 412]",4.49
150,"[266, 398]",10
151,"[266, 360]",0.014
151,"[266, 434]",0.074
151,"[266, 371]",0.074
151,"[91, 315]",0.082
151,"[266, 294]",0.095
151,"[266, 402]",0.099
151,"[209, 266]",0.113
151,"[266, 267]",0.115
151,"[204, 266]",0.154
151,"[266, 370]",0.182
151,"[266, 355]",0.189
151,"[266, 382]",0.224
151,"[266, 385]",0.23
151,"[266, 383]",0.255
151,"[266, 292]",0.257
151,"[266, 386]",0.282
151,"[266, 312]",0.473
151,"[267, 302]",1.271
151,"[91, 218]",2.049
151,"[204, 412]",2.351
151,"[328, 339]",3.015
151,"[48, 265]",3.114
151,"[260, 266]",3.163
151,"[266, 266]",3.19
151,"[204, 397]",3.25
151,"[97, 410]",3.364
151,"[202, 315]",3.565
151,"[383, 388]",3.657
151,"[155, 359]",3.805
151,"[182, 383]",4.389
151,"[266, 270]",10
151,"[5, 355]",10
152,"[266, 360]",0.014
152,"[266, 434]",0.074
152,"[266, 371]",0.074
152,"[91, 315]",0.082
152,"[266, 294]",0.095
152,"[266, 402]",0.099
152,"[209, 266]",0.113
152,"[266, 267]",0.115
152,"[204, 266]",0.154
152,"[266, 370]",0.182
152,"[266, 355]",0.189
152,"[266, 382]",0.224
152,"[266, 385]",0.23
152,"[266, 383]",0.255
152,"[266, 292]",0.257
152,"[266, 386]",0.282
152,"[266, 412]",0.548
152,"[190, 315]",1.843
152,"[45, 360]",2.282
152,"[141, 292]",2.415
152,"[72, 266]",2.505
152,"[67, 355]",2.784
152,"[266, 339]",2.992
152,"[242, 266]",3.006
152,"[12, 371]",3.046
152,"[266, 406]",3.105
152,"[266, 266]",3.19
152,"[119, 383]",3.284
152,"[182, 371]",3.505
152,"[68, 383]",3.669
152,"[109, 383]",3.787
152,"[363, 397]",3.967
153,"[266, 360]",0.014
153,"[266, 434]",0.074
153,"[266, 371]",0.074
153,"[91, 315]",0.082
153,"[266, 294]",0.095
153,"[266, 402]",0.099
153,"[209, 266]",0.113
153,"[266, 267]",0.115
153,"[204, 266]",0.154
153,"[266, 370]",0.182
153,"[266, 355]",0.189
153,"[266, 382]",0.224
153,"[266, 385]",0.23
153,"[266, 383]",0.255
153,"[266, 292]",0.257
153,"[266, 386]",0.282
153,"[266, 412]",0.548
153,"[102, 266]",1.708
153,"[172, 266]",1.8
153,"[141, 370]",2.197
153,"[209, 386]",2.28
153,"[67, 434]",2.434
153,"[264, 266]",2.444
153,"[313, 371]",2.568
153,"[266, 397]",2.997
153,"[28, 266]",3.045
153,"[12, 406]",3.281
153,"[12, 383]",3.386
153,"[209, 294]",3.619
153,"[109, 383]",3.787
153,"[132, 266]",10
153,"[76, 266]",10
154,"[266, 360]",0.014
154,"[266, 434]",0.074
154,"[266, 371]",0.074
154,"[91, 315]",0.082
154,"[266, 294]",0.095
154,"[266, 402]",0.099
154,"[209, 266]",0.113
154,"[266, 267]",0.115
154,"[204, 266]",0.154
154,"[266, 370]",0.182
154,"[266, 355]",0.189
154,"[266, 382]",0.224
154,"[266, 385]",0.23
154,"[266, 383]",0.255
154,"[266, 292]",0.257
154,"[266, 386]",0.282
154,"[59, 266]",1.444
154,"[91, 402]",1.713
154,"[91, 129]",1.939
154,"[72, 406]",2.12
154,"[12, 266]",2.207
154,"[141, 383]",2.272
154,"[75, 266]",2.465
154,"[266, 387]",2.973
154,"[266, 397]",2.997
154,"[38, 266]",3.052
154,"[28, 183]",3.097
154,"[266, 406]",3.105
154,"[330, 406]",3.719
154,"[34, 209]",3.767
154,"[153, 266]",10
154,"[294, 307]",10
155,"[266, 360]",0.014
155,"[266, 434]",0.074
155,"[266, 371]",0.074
155,"[91, 315]",0.082
155,"[266, 294]",0.095
155,"[266, 402]",0.099
155,"[209, 266]",0.113
155,"[266, 267]",0.115
155,"[204, 266]",0.154
155,"[266, 370]",0.182
155,"[266, 355]",0.189
155,"[266, 382]",0.224
155,"[266, 385]",0.23
155,"[266, 383]",0.255
155,"[266, 292]",0.257
155,"[266, 386]",0.282
155,"[7, 266]",0.316
155,"[266, 421]",0.839
155,"[39, 266]",1.512
155,"[57, 315]",1.825
155,"[267, 288]",2.199
155,"[80, 330]",2.613
155,"[38, 394]",2.726
155,"[307, 384]",2.839
155,"[209, 293]",2.926
155,"[228, 266]",2.946
155,"[211, 266]",3.104
155,"[266, 266]",3.19
155,"[75, 397]",3.536
155,"[28, 209]",3.587
155,"[209, 337]",3.733
155,"[32, 307]",10
156,"[266, 360]",0.014
156,"[266, 434]",0.074
156,"[266, 371]",0.074
156,"[91, 315]",0.082
156,"[266, 294]",0.095
156,"[266, 402]",0.099
156,"[209, 266]",0.113
156,"[266, 267]",0.115
156,"[204, 266]",0.154
156,"[266, 370]",0.182
156,"[266, 355]",0.189
156,"[266, 382]",0.224
156,"[266, 385]",0.23
156,"[266, 383]",0.255
156,"[266, 292]",0.257
156,"[266, 386]",0.282
156,"[266, 335]",0.53
156,"[47, 266]",0.57
156,"[39, 266]",1.512
156,"[27, 266]",1.627
156,"[91, 209]",1.956
156,"[103, 315]",2.123
156,"[392, 394]",2.362
156,"[211, 394]",2.612
156,"[266, 288]",2.797
156,"[266, 307]",2.976
156,"[266, 368]",3.051
156,"[266, 266]",3.19
156,"[115, 211]",3.533
156,"[228, 383]",4.082
156,"[28, 355]",4.412
156,"[267, 307]",10
157,"[266, 360]",0.014
157,"[266, 434]",0.074
157,"[266, 371]",0.074
157,"[91, 315]",0.082
157,"[266, 294]",0.095
157,"[266, 402]",0.099
157,"[209, 266]",0.113
157,"[266, 267]",0.115
157,"[204, 266]",0.154
157,"[266, 370]",0.182
157,"[266, 355]",0.189
157,"[266, 382]",0.224
157,"[266, 385]",0.23
157,"[266, 383]",0.255
157,"[266, 292]",0.257
157,"[266, 386]",0.282
157,"[254, 266]",1.676
157,"[91, 280]",1.755
157,"[252, 266]",1.9
157,"[119, 266]",1.926
157,"[39, 271]",2.036
157,"[39, 291]",2.377
157,"[182, 434]",2.571
157,"[266, 394]",2.606
157,"[266, 309]",2.681
157,"[166, 266]",2.741
157,"[57, 266]",2.773
157,"[370, 392]",2.838
157,"[266, 368]",3.051
157,"[266, 373]",3.053
157,"[266, 266]",3.19
157,"[226, 266]",10
158,"[266, 360]",0.014
158,"[266, 434]",0.074
158,"[266, 371]",0.074
158,"[91, 315]",0.082
158,"[266, 294]",0.095
158,"[266, 402]",0.099
158,"[209, 266]",0.113
158,"[266, 267]",0.115
158,"[204, 266]",0.154
158,"[266, 370]",0.182
158,"[266, 355]",0.189
158,"[266, 382]",0.224
158,"[266, 385]",0.23
158,"[266, 383]",0.255
158,"[266, 292]",0.257
158,"[266, 386]",0.282
158,"[266, 381]",0.417
158,"[266, 378]",0.658
158,"[91, 355]",1.836
158,"[91, 272]",1.883
158,"[184, 315]",2.14
158,"[204, 360]",2.199
158,"[360, 446]",2.294
158,"[266, 309]",2.681
158,"[119, 291]",2.777
158,"[154, 266]",2.891
158,"[218, 266]",2.993
158,"[266, 411]",3.02
158,"[252, 302]",3.34
158,"[117, 226]",3.65
158,"[146, 383]",3.742
158,"[131, 266]",10
159,"[266, 360]",0.014
159,"[266, 434]",0.074
159,"[266, 371]",0.074
159,"[91, 315]",0.082
159,"[266, 294]",0.095
159,"[266, 402]",0.099
159,"[209, 266]",0.113
159,"[266, 267]",0.115
159,"[204, 266]",0.154
159,"[266, 370]",0.182
159,"[266, 355]",0.189
159,"[266, 382]",0.224
159,"[266, 385]",0.23
159,"[266, 383]",0.255
159,"[266, 292]",0.257
159,"[266, 386]",0.282
159,"[128, 209]",0.632
159,"[119, 266]",1.926
159,"[117, 443]",2.106
159,"[84, 266]",2.27
159,"[209, 386]",2.28
159,"[15, 446]",2.396
159,"[266, 301]",2.76
159,"[395, 446]",2.819
159,"[360, 402]",2.844
159,"[225, 434]",2.883
159,"[119, 345]",2.931
159,"[107, 266]",3.026
159,"[266, 266]",3.19
159,"[189, 252]",3.338
159,"[228, 383]",4.082
159,"[252, 327]",4.425
160,"[266, 360]",0.014
160,"[266, 434]",0.074
160,"[266, 371]",0.074
160,"[91, 315]",0.082
160,"[266, 294]",0.095
160,"[266, 402]",0.099
160,"[209, 266]",0.113
160,"[266, 267]",0.115
160,"[204, 266]",0.154
160,"[266, 370]",0.182
160,"[266, 355]",0.189
160,"[266, 382]",0.224
160,"[266, 385]",0.23
160,"[266, 383]",0.255
160,"[266, 292]",0.257
160,"[266, 386]",0.282
160,"[91, 446]",1.94
160,"[91, 385]",2.058
160,"[172, 385]",2.218
160,"[204, 355]",2.441
160,"[84, 355]",2.598
160,"[266, 446]",2.625
160,"[127, 355]",2.712
160,"[60, 267]",2.743
160,"[116, 266]",2.84
160,"[107, 294]",2.963
160,"[355, 391]",3.106
160,"[266, 416]",3.133
160,"[134, 266]",3.177
160,"[266, 316]",3.227
160,"[16, 360]",3.532
160,"[91, 266]",10
161,"[266, 360]",0.014
161,"[266, 434]",0.074
161,"[266, 371]",0.074
161,"[91, 315]",0.082
161,"[266, 294]",0.095
161,"[266, 402]",0.099
161,"[209, 266]",0.113
161,"[266, 267]",0.115
161,"[204, 266]",0.154
161,"[266, 370]",0.182
161,"[266, 355]",0.189
161,"[266, 382]",0.224
161,"[266, 385]",0.23
161,"[266, 383]",0.255
161,"[266, 292]",0.257
161,"[266, 386]",0.282
161,"[91, 294]",1.88
161,"[263, 267]",1.903
161,"[126, 386]",2.087
161,"[49, 204]",2.309
161,"[84, 360]",2.36
161,"[107, 446]",2.513
161,"[415, 446]",2.634
161,"[116, 360]",2.712
161,"[152, 266]",3.148
161,"[177, 316]",3.185
161,"[266, 344]",3.219
161,"[294, 306]",3.366
161,"[70, 209]",3.777
161,"[16, 370]",3.854
161,"[196, 266]",10
161,"[160, 266]",10
162,"[266, 360]",0.014
162,"[266, 434]",0.074
162,"[266, 371]",0.074
162,"[91, 315]",0.082
162,"[266, 294]",0.095
162,"[266, 402]",0.099
162,"[209, 266]",0.113
162,"[266, 267]",0.115
162,"[204, 266]",0.154
162,"[266, 370]",0.182
162,"[266, 355]",0.189
162,"[266, 382]",0.224
162,"[266, 385]",0.23
162,"[266, 383]",0.255
162,"[266, 292]",0.257
162,"[266, 386]",0.282
162,"[266, 305]",0.642
162,"[21, 386]",2.108
162,"[210, 315]",2.212
162,"[119, 126]",2.233
162,"[287, 402]",2.261
162,"[438, 446]",2.28
162,"[91, 306]",2.342
162,"[264, 267]",2.355
162,"[266, 446]",2.625
162,"[115, 402]",2.98
162,"[266, 326]",2.993
162,"[266, 266]",3.19
162,"[370, 406]",3.787
162,"[277, 316]",3.829
162,"[220, 316]",4.454
162,"[266, 306]",10
163,"[266, 360]",0.014
163,"[266, 434]",0.074
163,"[266, 371]",0.074
163,"[91, 315]",0.082
163,"[266, 294]",0.095
163,"[266, 402]",0.099
163,"[209, 266]",0.113
163,"[266, 267]",0.115
163,"[204, 266]",0.154
163,"[266, 370]",0.182
163,"[266, 355]",0.189
163,"[266, 382]",0.224
163,"[266, 385]",0.23
163,"[266, 383]",0.255
163,"[266, 292]",0.257
163,"[266, 386]",0.282
163,"[266, 388]",0.395
163,"[266, 412]",0.548
163,"[31, 266]",0.97
163,"[165, 266]",1.433
163,"[206, 386]",2.038
163,"[87, 91]",2.119
163,"[147, 220]",2.131
163,"[118, 267]",2.174
163,"[110, 115]",2.612
163,"[83, 266]",2.659
163,"[264, 306]",2.691
163,"[108, 266]",2.756
163,"[306, 325]",2.873
163,"[220, 355]",2.937
163,"[138, 210]",2.954
163,"[266, 410]",2.997
164,"[266, 360]",0.014
164,"[266, 434]",0.074
164,"[266, 371]",0.074
164,"[91, 315]",0.082
164,"[266, 294]",0.095
164,"[266, 402]",0.099
164,"[209, 266]",0.113
164,"[266, 267]",0.115
164,"[204, 266]",0.154
164,"[266, 370]",0.182
164,"[266, 355]",0.189
164,"[266, 382]",0.224
164,"[266, 385]",0.23
164,"[266, 383]",0.255
164,"[266, 292]",0.257
164,"[266, 386]",0.282
164,"[266, 333]",0.339
164,"[266, 352]",0.865
164,"[31, 86]",0.922
164,"[165, 382]",2.043
164,"[91, 345]",2.209
164,"[99, 402]",2.3
164,"[248, 402]",2.389
164,"[264, 266]",2.444
164,"[138, 266]",2.447
164,"[233, 371]",2.705
164,"[115, 206]",2.727
164,"[55, 388]",2.776
164,"[87, 267]",2.791
164,"[115, 328]",2.916
164,"[266, 266]",3.19
164,"[122, 266]",10
165,"[266, 360]",0.014
165,"[266, 434]",0.074
165,"[266, 371]",0.074
165,"[91, 315]",0.082
165,"[266, 294]",0.095
165,"[266, 402]",0.099
165,"[209, 266]",0.113
165,"[266, 267]",0.115
165,"[204, 266]",0.154
165,"[266, 370]",0.182
165,"[266, 355]",0.189
165,"[266, 382]",0.224
165,"[266, 385]",0.23
165,"[266, 383]",0.255
165,"[266, 292]",0.257
165,"[266, 386]",0.282
165,"[31, 245]",0.53
165,"[266, 378]",0.658
165,"[266, 409]",1.411
165,"[86, 122]",2.105
165,"[260, 383]",2.271
165,"[369, 402]",2.37
165,"[63, 264]",2.398
165,"[138, 266]",2.447
165,"[165, 371]",2.483
165,"[177, 267]",2.486
165,"[148, 382]",2.749
165,"[267, 355]",2.796
165,"[99, 240]",2.832
165,"[138, 294]",3.002
165,"[266, 345]",3.137
165,"[266, 266]",3.19
166,"[266, 360]",0.014
166,"[266, 434]",0.074
166,"[266, 371]",0.074
166,"[91, 315]",0.082
166,"[266, 294]",0.095
166,"[266, 402]",0.099
166,"[209, 266]",0.113
166,"[266, 267]",0.115
166,"[204, 266]",0.154
166,"[266, 370]",0.182
166,"[266, 355]",0.189
166,"[266, 382]",0.224
166,"[266, 385]",0.23
166,"[266, 383]",0.255
166,"[266, 292]",0.257
166,"[266, 386]",0.282
166,"[31, 345]",0.784
166,"[31, 294]",0.853
166,"[31, 390]",1.03
166,"[266, 282]",1.652
166,"[91, 370]",1.934
166,"[165, 267]",2.067
166,"[241, 266]",2.531
166,"[99, 370]",2.553
166,"[9, 264]",2.591
166,"[148, 294]",2.652
166,"[333, 345]",2.703
166,"[266, 437]",2.879
166,"[266, 425]",3.354
166,"[211, 355]",4.15
166,"[209, 315]",10
166,"[122, 266]",10
167,"[266, 360]",0.014
167,"[266, 434]",0.074
167,"[266, 371]",0.074
167,"[91, 315]",0.082
167,"[266, 294]",0.095
167,"[266, 402]",0.099
167,"[209, 266]",0.113
167,"[266, 267]",0.115
167,"[204, 266]",0.154
167,"[266, 370]",0.182
167,"[266, 355]",0.189
167,"[266, 382]",0.224
167,"[266, 385]",0.23
167,"[266, 383]",0.255
167,"[266, 292]",0.257
167,"[266, 386]",0.282
167,"[266, 388]",0.395
167,"[266, 421]",0.839
167,"[122, 267]",2.117
167,"[250, 266]",2.123
167,"[292, 323]",2.295
167,"[204, 355]",2.441
167,"[54, 266]",2.58
167,"[20, 402]",2.769
167,"[245, 266]",2.884
167,"[266, 387]",2.973
167,"[266, 329]",3.065
167,"[266, 266]",3.19
167,"[90, 266]",3.282
167,"[209, 294]",3.619
167,"[295, 383]",4.293
167,"[266, 277]",10
168,"[266, 360]",0.014
168,"[266, 434]",0.074
168,"[266, 371]",0.074
168,"[91, 315]",0.082
168,"[266, 294]",0.095
168,"[266, 402]",0.099
168,"[209, 266]",0.113
168,"[266, 267]",0.115
168,"[204, 266]",0.154
168,"[266, 370]",0.182
168,"[266, 355]",0.189
168,"[266, 382]",0.224
168,"[266, 385]",0.23
168,"[266, 383]",0.255
168,"[266, 292]",0.257
168,"[266, 386]",0.282
168,"[266, 388]",0.395
168,"[266, 315]",1.951
168,"[104, 266]",2.138
168,"[288, 315]",2.152
168,"[129, 266]",2.187
168,"[90, 111]",2.548
168,"[266, 304]",2.867
168,"[204, 383]",2.868
168,"[209, 360]",2.99
168,"[256, 266]",3.117
168,"[245, 383]",3.136
168,"[266, 266]",3.19
168,"[292, 349]",3.329
168,"[176, 209]",4.029
168,"[3, 266]",10
168,"[85, 266]",10
169,"[266, 360]",0.014
169,"[266, 434]",0.074
169,"[266, 371]",0.074
169,"[91, 315]",0.082
169,"[266, 294]",0.095
169,"[266, 402]",0.099
169,"[209, 266]",0.113
169,"[266, 267]",0.115
169,"[204, 266]",0.154
169,"[266, 370]",0.182
169,"[266, 355]",0.189
169,"[266, 382]",0.224
169,"[266, 385]",0.23
169,"[266, 383]",0.255
169,"[266, 292]",0.257
169,"[266, 386]",0.282
169,"[266, 312]",0.473
169,"[62, 288]",2.096
169,"[111, 266]",2.154
169,"[6, 288]",2.253
169,"[129, 157]",2.564
169,"[158, 315]",2.62
169,"[90, 402]",2.691
169,"[181, 292]",3.027
169,"[266, 349]",3.109
169,"[266, 266]",3.19
169,"[209, 388]",3.197
169,"[292, 336]",3.228
169,"[267, 406]",3.346
169,"[292, 383]",3.556
169,"[138, 383]",3.572
169,"[86, 266]",10
170,"[266, 360]",0.014
170,"[266, 434]",0.074
170,"[266, 371]",0.074
170,"[91, 315]",0.082
170,"[266, 294]",0.095
170,"[266, 402]",0.099
170,"[209, 266]",0.113
170,"[266, 267]",0.115
170,"[204, 266]",0.154
170,"[266, 370]",0.182
170,"[266, 355]",0.189
170,"[266, 382]",0.224
170,"[266, 385]",0.23
170,"[266, 383]",0.255
170,"[266, 292]",0.257
170,"[266, 386]",0.282
170,"[266, 388]",0.395
170,"[315, 372]",2.08
170,"[181, 315]",2.259
170,"[158, 402]",2.27
170,"[44, 388]",2.407
170,"[6, 253]",2.541
170,"[21, 355]",2.581
170,"[266, 343]",2.923
170,"[209, 360]",2.99
170,"[266, 427]",3.036
170,"[201, 336]",3.149
170,"[6, 48]",3.379
170,"[325, 336]",3.434
170,"[228, 371]",3.923
170,"[220, 383]",4.392
170,"[122, 266]",10
171,"[266, 360]",0.014
171,"[266, 434]",0.074
171,"[266, 371]",0.074
171,"[91, 315]",0.082
171,"[266, 294]",0.095
171,"[266, 402]",0.099
171,"[209, 266]",0.113
171,"[266, 267]",0.115
171,"[204, 266]",0.154
171,"[266, 370]",0.182
171,"[266, 355]",0.189
171,"[266, 382]",0.224
171,"[266, 385]",0.23
171,"[266, 383]",0.255
171,"[266, 292]",0.257
171,"[266, 386]",0.282
171,"[204, 352]",0.941
171,"[204, 427]",1.546
171,"[6, 266]",1.569
171,"[315, 371]",2.077
171,"[360, 403]",2.095
171,"[158, 370]",2.097
171,"[386, 423]",2.141
171,"[315, 355]",2.253
171,"[253, 266]",2.401
171,"[385, 433]",2.558
171,"[253, 393]",2.578
171,"[44, 379]",2.67
171,"[434, 445]",2.69
171,"[192, 382]",2.856
171,"[25, 427]",2.97
171,"[336, 405]",2.98
172,"[266, 360]",0.014
172,"[266, 434]",0.074
172,"[266, 371]",0.074
172,"[91, 315]",0.082
172,"[266, 294]",0.095
172,"[266, 402]",0.099
172,"[209, 266]",0.113
172,"[266, 267]",0.115
172,"[204, 266]",0.154
172,"[266, 370]",0.182
172,"[266, 355]",0.189
172,"[266, 382]",0.224
172,"[266, 385]",0.23
172,"[266, 383]",0.255
172,"[266, 292]",0.257
172,"[113, 266]",0.281
172,"[266, 386]",0.282
172,"[266, 381]",0.417
172,"[157, 315]",1.988
172,"[285, 355]",2.224
172,"[44, 423]",2.229
172,"[6, 173]",2.508
172,"[363, 385]",2.538
172,"[379, 434]",2.748
172,"[253, 427]",2.813
172,"[55, 393]",2.867
172,"[352, 413]",2.952
172,"[266, 373]",3.053
172,"[266, 310]",3.102
172,"[209, 326]",3.142
172,"[266, 266]",3.19
172,"[64, 371]",3.621
173,"[266, 360]",0.014
173,"[266, 434]",0.074
173,"[266, 371]",0.074
173,"[91, 315]",0.082
173,"[266, 294]",0.095
173,"[266, 402]",0.099
173,"[209, 266]",0.113
173,"[266, 267]",0.115
173,"[204, 266]",0.154
173,"[266, 370]",0.182
173,"[266, 355]",0.189
173,"[266, 382]",0.224
173,"[266, 385]",0.23
173,"[266, 383]",0.255
173,"[266, 292]",0.257
173,"[113, 266]",0.281
173,"[266, 423]",0.987
173,"[352, 383]",1.056
173,"[91, 117]",1.719
173,"[1, 204]",2.146
173,"[76, 113]",2.298
173,"[76, 434]",2.428
173,"[366, 393]",2.499
173,"[357, 434]",2.934
173,"[106, 386]",3.024
173,"[123, 315]",3.124
173,"[293, 371]",3.156
173,"[55, 159]",3.192
173,"[28, 379]",3.656
173,"[130, 379]",4.148
173,"[99, 266]",10
173,"[209, 413]",10
174,"[266, 360]",0.014
174,"[266, 434]",0.074
174,"[266, 371]",0.074
174,"[91, 315]",0.082
174,"[266, 294]",0.095
174,"[266, 402]",0.099
174,"[209, 266]",0.113
174,"[266, 267]",0.115
174,"[204, 266]",0.154
174,"[266, 370]",0.182
174,"[266, 355]",0.189
174,"[266, 382]",0.224
174,"[266, 385]",0.23
174,"[266, 383]",0.255
174,"[266, 292]",0.257
174,"[113, 266]",0.281
174,"[52, 266]",0.566
174,"[6, 266]",1.569
174,"[99, 427]",1.783
174,"[266, 315]",1.951
174,"[125, 266]",2.205
174,"[121, 366]",2.235
174,"[434, 443]",2.247
174,"[113, 159]",2.826
174,"[210, 266]",2.928
174,"[25, 370]",2.961
174,"[226, 292]",3.139
174,"[1, 242]",3.22
174,"[1, 379]",3.25
174,"[327, 434]",3.621
174,"[273, 371]",4.351
174,"[266, 379]",10
175,"[266, 360]",0.014
175,"[266, 434]",0.074
175,"[266, 371]",0.074
175,"[91, 315]",0.082
175,"[266, 294]",0.095
175,"[266, 402]",0.099
175,"[209, 266]",0.113
175,"[266, 267]",0.115
175,"[204, 266]",0.154
175,"[266, 370]",0.182
175,"[266, 355]",0.189
175,"[266, 382]",0.224
175,"[266, 385]",0.23
175,"[266, 383]",0.255
175,"[266, 292]",0.257
175,"[113, 266]",0.281
175,"[266, 354]",1.103
175,"[179, 266]",1.433
175,"[113, 315]",1.866
175,"[266, 404]",1.993
175,"[223, 315]",2.107
175,"[52, 360]",2.177
175,"[99, 443]",2.196
175,"[52, 366]",2.272
175,"[185, 385]",2.454
175,"[121, 242]",2.526
175,"[350, 382]",2.731
175,"[266, 427]",3.036
175,"[266, 266]",3.19
175,"[209, 292]",3.234
175,"[209, 434]",3.25
175,"[372, 379]",3.296
176,"[266, 360]",0.014
176,"[266, 434]",0.074
176,"[266, 371]",0.074
176,"[91, 315]",0.082
176,"[266, 294]",0.095
176,"[266, 402]",0.099
176,"[209, 266]",0.113
176,"[266, 267]",0.115
176,"[204, 266]",0.154
176,"[266, 370]",0.182
176,"[266, 355]",0.189
176,"[266, 382]",0.224
176,"[266, 385]",0.23
176,"[266, 383]",0.255
176,"[266, 292]",0.257
176,"[113, 266]",0.281
176,"[266, 331]",0.359
176,"[266, 320]",0.538
176,"[266, 366]",0.88
176,"[20, 427]",1.961
176,"[315, 377]",2.014
176,"[223, 382]",2.29
176,"[52, 105]",2.316
176,"[121, 280]",2.336
176,"[266, 389]",2.455
176,"[215, 266]",2.535
176,"[266, 301]",2.76
176,"[101, 209]",2.868
176,"[85, 382]",3.058
176,"[175, 209]",3.189
176,"[209, 339]",4.075
176,"[91, 266]",10
177,"[266, 360]",0.014
177,"[266, 434]",0.074
177,"[266, 371]",0.074
177,"[91, 315]",0.082
177,"[266, 294]",0.095
177,"[266, 402]",0.099
177,"[209, 266]",0.113
177,"[266, 267]",0.115
177,"[204, 266]",0.154
177,"[266, 370]",0.182
177,"[266, 355]",0.189
177,"[266, 382]",0.224
177,"[266, 385]",0.23
177,"[266, 383]",0.255
177,"[266, 292]",0.257
177,"[113, 266]",0.281
177,"[52, 352]",1.193
177,"[214, 266]",1.85
177,"[3, 91]",1.946
177,"[42, 266]",2.248
177,"[113, 370]",2.27
177,"[84, 266]",2.27
177,"[266, 389]",2.455
177,"[219, 331]",2.465
177,"[247, 370]",2.588
177,"[266, 301]",2.76
177,"[280, 427]",2.868
177,"[209, 353]",2.927
177,"[331, 371]",3.053
177,"[215, 310]",3.309
177,"[4, 377]",4.208
177,"[101, 266]",10
178,"[266, 360]",0.014
178,"[266, 434]",0.074
178,"[266, 371]",0.074
178,"[91, 315]",0.082
178,"[266, 294]",0.095
178,"[266, 402]",0.099
178,"[209, 266]",0.113
178,"[266, 267]",0.115
178,"[204, 266]",0.154
178,"[266, 370]",0.182
178,"[266, 355]",0.189
178,"[266, 382]",0.224
178,"[266, 385]",0.23
178,"[266, 383]",0.255
178,"[266, 292]",0.257
178,"[113, 266]",0.281
178,"[266, 331]",0.359
178,"[280, 414]",1.112
178,"[158, 427]",1.693
178,"[84, 195]",2.233
178,"[126, 301]",2.393
178,"[84, 370]",2.411
178,"[101, 370]",2.599
178,"[42, 301]",2.716
178,"[266, 328]",2.761
178,"[3, 132]",2.839
178,"[43, 266]",2.909
178,"[215, 371]",3.011
178,"[266, 442]",3.022
178,"[280, 360]",3.123
178,"[266, 266]",3.19
178,"[91, 266]",10
179,"[266, 360]",0.014
179,"[266, 434]",0.074
179,"[266, 371]",0.074
179,"[91, 315]",0.082
179,"[266, 294]",0.095
179,"[266, 402]",0.099
179,"[209, 266]",0.113
179,"[266, 267]",0.115
179,"[204, 266]",0.154
179,"[266, 370]",0.182
179,"[266, 355]",0.189
179,"[266, 382]",0.224
179,"[266, 385]",0.23
179,"[266, 383]",0.255
179,"[266, 292]",0.257
179,"[113, 266]",0.281
179,"[48, 266]",1.013
179,"[154, 315]",1.532
179,"[197, 427]",1.62
179,"[171, 292]",2.238
179,"[90, 355]",2.564
179,"[357, 360]",2.586
179,"[84, 382]",2.615
179,"[119, 402]",2.625
179,"[43, 442]",2.63
179,"[213, 266]",2.718
179,"[266, 328]",2.761
179,"[266, 266]",3.19
179,"[101, 132]",3.32
179,"[266, 269]",10
179,"[266, 330]",10
179,"[113, 414]",10
180,"[266, 360]",0.014
180,"[266, 434]",0.074
180,"[266, 371]",0.074
180,"[91, 315]",0.082
180,"[266, 294]",0.095
180,"[266, 402]",0.099
180,"[209, 266]",0.113
180,"[266, 267]",0.115
180,"[204, 266]",0.154
180,"[266, 370]",0.182
180,"[266, 355]",0.189
180,"[266, 382]",0.224
180,"[266, 385]",0.23
180,"[266, 383]",0.255
180,"[266, 292]",0.257
180,"[113, 266]",0.281
180,"[78, 266]",0.619
180,"[37, 266]",1.126
180,"[266, 315]",1.951
180,"[154, 403]",2.14
180,"[385, 446]",2.327
180,"[260, 382]",2.367
180,"[360, 375]",2.419
180,"[197, 385]",2.442
180,"[154, 266]",2.891
180,"[292, 296]",2.947
180,"[371, 418]",3.111
180,"[266, 266]",3.19
180,"[101, 266]",10
180,"[132, 266]",10
180,"[153, 266]",10
180,"[307, 315]",10
181,"[266, 360]",0.014
181,"[266, 434]",0.074
181,"[266, 371]",0.074
181,"[91, 315]",0.082
181,"[266, 294]",0.095
181,"[266, 402]",0.099
181,"[209, 266]",0.113
181,"[266, 267]",0.115
181,"[204, 266]",0.154
181,"[266, 370]",0.182
181,"[266, 355]",0.189
181,"[266, 382]",0.224
181,"[266, 385]",0.23
181,"[266, 383]",0.255
181,"[266, 292]",0.257
181,"[113, 266]",0.281
181,"[7, 266]",0.316
181,"[266, 359]",0.47
181,"[266, 280]",1.788
181,"[11, 266]",1.902
181,"[37, 175]",2.203
181,"[204, 292]",2.381
181,"[355, 417]",2.477
181,"[266, 274]",2.504
181,"[197, 296]",2.563
181,"[389, 402]",2.779
181,"[251, 266]",2.885
181,"[154, 292]",2.991
181,"[266, 442]",3.022
181,"[266, 368]",3.051
181,"[266, 375]",3.422
181,"[266, 433]",10
182,"[266, 360]",0.014
182,"[266, 434]",0.074
182,"[266, 371]",0.074
182,"[91, 315]",0.082
182,"[266, 294]",0.095
182,"[266, 402]",0.099
182,"[209, 266]",0.113
182,"[266, 267]",0.115
182,"[204, 266]",0.154
182,"[266, 370]",0.182
182,"[266, 355]",0.189
182,"[266, 382]",0.224
182,"[266, 385]",0.23
182,"[266, 383]",0.255
182,"[266, 292]",0.257
182,"[113, 266]",0.281
182,"[7, 266]",0.316
182,"[217, 266]",1.51
182,"[18, 204]",2.163
182,"[37, 292]",2.272
182,"[288, 355]",2.29
182,"[21, 434]",2.45
182,"[132, 267]",2.524
182,"[80, 266]",2.56
182,"[37, 371]",2.673
182,"[266, 293]",2.736
182,"[18, 266]",2.967
182,"[266, 427]",3.036
182,"[266, 266]",3.19
182,"[249, 266]",3.224
182,"[43, 355]",3.41
182,"[91, 383]",3.872
183,"[266, 360]",0.014
183,"[266, 434]",0.074
183,"[266, 371]",0.074
183,"[91, 315]",0.082
183,"[266, 294]",0.095
183,"[266, 402]",0.099
183,"[209, 266]",0.113
183,"[266, 267]",0.115
183,"[204, 266]",0.154
183,"[266, 370]",0.182
183,"[266, 355]",0.189
183,"[266, 382]",0.224
183,"[266, 385]",0.23
183,"[266, 383]",0.255
183,"[266, 292]",0.257
183,"[113, 266]",0.281
183,"[91, 309]",1.055
183,"[36, 266]",2.119
183,"[288, 371]",2.334
183,"[88, 113]",2.345
183,"[18, 247]",2.359
183,"[147, 209]",2.39
183,"[292, 335]",2.406
183,"[411, 434]",2.629
183,"[18, 266]",2.967
183,"[266, 266]",3.19
183,"[209, 370]",3.353
183,"[340, 427]",3.369
183,"[208, 294]",3.962
183,"[7, 106]",4.847
183,"[161, 266]",10
183,"[266, 379]",10
184,"[266, 360]",0.014
184,"[266, 434]",0.074
184,"[266, 371]",0.074
184,"[91, 315]",0.082
184,"[266, 294]",0.095
184,"[266, 402]",0.099
184,"[209, 266]",0.113
184,"[266, 267]",0.115
184,"[204, 266]",0.154
184,"[266, 370]",0.182
184,"[266, 355]",0.189
184,"[266, 382]",0.224
184,"[266, 385]",0.23
184,"[266, 383]",0.255
184,"[266, 292]",0.257
184,"[113, 266]",0.281
184,"[91, 247]",1.862
184,"[91, 434]",1.931
184,"[195, 434]",2.207
184,"[325, 370]",2.466
184,"[370, 411]",2.498
184,"[47, 385]",2.507
184,"[36, 294]",2.544
184,"[213, 385]",2.811
184,"[266, 266]",3.19
184,"[337, 371]",3.301
184,"[266, 425]",3.354
184,"[208, 294]",3.962
184,"[47, 106]",4.354
184,"[79, 266]",10
184,"[86, 266]",10
184,"[266, 379]",10
185,"[266, 360]",0.014
185,"[266, 434]",0.074
185,"[266, 371]",0.074
185,"[91, 315]",0.082
185,"[266, 294]",0.095
185,"[266, 402]",0.099
185,"[209, 266]",0.113
185,"[266, 267]",0.115
185,"[204, 266]",0.154
185,"[266, 370]",0.182
185,"[266, 355]",0.189
185,"[266, 382]",0.224
185,"[266, 385]",0.23
185,"[266, 383]",0.255
185,"[266, 292]",0.257
185,"[113, 266]",0.281
185,"[238, 266]",0.666
185,"[8, 266]",2.053
185,"[79, 294]",2.226
185,"[191, 315]",2.259
185,"[75, 266]",2.465
185,"[47, 370]",2.683
185,"[47, 267]",2.857
185,"[185, 379]",2.918
185,"[325, 371]",3.004
185,"[47, 294]",3.006
185,"[169, 266]",3.104
185,"[266, 266]",3.19
185,"[306, 337]",3.193
185,"[371, 415]",3.329
185,"[292, 344]",3.412
185,"[91, 266]",10
186,"[266, 360]",0.014
186,"[266, 434]",0.074
186,"[266, 371]",0.074
186,"[91, 315]",0.082
186,"[266, 294]",0.095
186,"[266, 402]",0.099
186,"[209, 266]",0.113
186,"[266, 267]",0.115
186,"[204, 266]",0.154
186,"[266, 370]",0.182
186,"[266, 355]",0.189
186,"[266, 382]",0.224
186,"[266, 385]",0.23
186,"[266, 383]",0.255
186,"[266, 292]",0.257
186,"[113, 266]",0.281
186,"[118, 294]",2.16
186,"[315, 316]",2.247
186,"[359, 434]",2.441
186,"[125, 294]",2.474
186,"[75, 385]",2.516
186,"[75, 382]",2.72
186,"[294, 325]",2.777
186,"[113, 382]",2.904
186,"[266, 337]",3.132
186,"[209, 292]",3.234
186,"[185, 371]",3.351
186,"[266, 325]",3.569
186,"[209, 267]",3.619
186,"[209, 412]",3.814
186,"[266, 306]",10
186,"[99, 266]",10
187,"[266, 360]",0.014
187,"[266, 434]",0.074
187,"[266, 371]",0.074
187,"[91, 315]",0.082
187,"[266, 294]",0.095
187,"[266, 402]",0.099
187,"[209, 266]",0.113
187,"[266, 267]",0.115
187,"[204, 266]",0.154
187,"[266, 370]",0.182
187,"[266, 355]",0.189
187,"[266, 382]",0.224
187,"[266, 385]",0.23
187,"[266, 383]",0.255
187,"[266, 292]",0.257
187,"[113, 266]",0.281
187,"[320, 412]",2.178
187,"[99, 171]",2.187
187,"[360, 370]",2.361
187,"[264, 294]",2.512
187,"[292, 359]",2.638
187,"[93, 294]",2.715
187,"[75, 402]",2.747
187,"[326, 382]",2.899
187,"[107, 266]",3.026
187,"[115, 294]",3.222
187,"[268, 371]",3.308
187,"[306, 333]",3.649
187,"[209, 371]",3.753
187,"[385, 425]",3.828
187,"[346, 371]",3.828
187,"[86, 266]",10
188,"[266, 360]",0.014
188,"[266, 434]",0.074
188,"[266, 371]",0.074
188,"[91, 315]",0.082
188,"[266, 294]",0.095
188,"[266, 402]",0.099
188,"[209, 266]",0.113
188,"[266, 267]",0.115
188,"[204, 266]",0.154
188,"[266, 370]",0.182
188,"[266, 355]",0.189
188,"[266, 382]",0.224
188,"[266, 385]",0.23
188,"[266, 383]",0.255
188,"[266, 292]",0.257
188,"[113, 266]",0.281
188,"[204, 351]",1.783
188,"[194, 266]",1.812
188,"[171, 424]",2.023
188,"[91, 371]",2.121
188,"[173, 402]",2.405
188,"[359, 385]",2.416
188,"[171, 306]",2.447
188,"[103, 266]",2.452
188,"[244, 382]",2.56
188,"[182, 292]",2.846
188,"[106, 266]",3.107
188,"[383, 417]",3.13
188,"[43, 294]",3.35
188,"[266, 425]",3.354
188,"[371, 407]",3.38
188,"[193, 294]",3.567
189,"[266, 360]",0.014
189,"[266, 434]",0.074
189,"[266, 371]",0.074
189,"[91, 315]",0.082
189,"[266, 294]",0.095
189,"[266, 402]",0.099
189,"[209, 266]",0.113
189,"[266, 267]",0.115
189,"[204, 266]",0.154
189,"[266, 370]",0.182
189,"[266, 355]",0.189
189,"[266, 382]",0.224
189,"[266, 385]",0.23
189,"[266, 383]",0.255
189,"[266, 292]",0.257
189,"[113, 266]",0.281
189,"[179, 266]",1.433
189,"[91, 411]",1.882
189,"[171, 254]",2.124
189,"[49, 194]",2.277
189,"[3, 402]",2.464
189,"[36, 402]",2.481
189,"[72, 266]",2.505
189,"[246, 402]",2.557
189,"[83, 266]",2.659
189,"[173, 294]",2.748
189,"[43, 402]",2.785
189,"[347, 402]",3.004
189,"[266, 266]",3.19
189,"[209, 294]",3.619
189,"[175, 425]",4.498
189,"[136, 351]",10
190,"[266, 360]",0.014
190,"[266, 434]",0.074
190,"[266, 371]",0.074
190,"[91, 315]",0.082
190,"[266, 294]",0.095
190,"[266, 402]",0.099
190,"[209, 266]",0.113
190,"[266, 267]",0.115
190,"[204, 266]",0.154
190,"[266, 370]",0.182
190,"[266, 355]",0.189
190,"[266, 382]",0.224
190,"[266, 385]",0.23
190,"[266, 383]",0.255
190,"[266, 292]",0.257
190,"[113, 266]",0.281
190,"[27, 402]",0.855
190,"[225, 266]",1.831
190,"[117, 360]",2.075
190,"[274, 434]",2.102
190,"[204, 402]",2.103
190,"[72, 199]",2.123
190,"[246, 315]",2.172
190,"[3, 385]",2.407
190,"[36, 401]",2.506
190,"[213, 266]",2.718
190,"[347, 402]",3.004
190,"[83, 402]",3.047
190,"[266, 266]",3.19
190,"[175, 371]",3.274
190,"[209, 402]",3.404
190,"[385, 411]",3.656
191,"[266, 360]",0.014
191,"[266, 434]",0.074
191,"[266, 371]",0.074
191,"[91, 315]",0.082
191,"[266, 294]",0.095
191,"[266, 402]",0.099
191,"[209, 266]",0.113
191,"[266, 267]",0.115
191,"[204, 266]",0.154
191,"[266, 370]",0.182
191,"[266, 355]",0.189
191,"[266, 382]",0.224
191,"[266, 385]",0.23
191,"[266, 383]",0.255
191,"[266, 292]",0.257
191,"[113, 266]",0.281
191,"[266, 441]",1.086
191,"[27, 294]",1.168
191,"[266, 315]",1.951
191,"[72, 355]",2.03
191,"[117, 382]",2.226
191,"[3, 385]",2.407
191,"[199, 266]",2.462
191,"[199, 249]",2.5
191,"[175, 266]",2.641
191,"[266, 286]",2.738
191,"[213, 411]",2.787
191,"[213, 385]",2.811
191,"[170, 402]",2.894
191,"[3, 382]",2.983
191,"[83, 371]",3.799
191,"[117, 266]",10
192,"[266, 360]",0.014
192,"[266, 434]",0.074
192,"[266, 371]",0.074
192,"[91, 315]",0.082
192,"[266, 294]",0.095
192,"[266, 402]",0.099
192,"[209, 266]",0.113
192,"[266, 267]",0.115
192,"[204, 266]",0.154
192,"[266, 370]",0.182
192,"[266, 355]",0.189
192,"[266, 382]",0.224
192,"[266, 385]",0.23
192,"[266, 383]",0.255
192,"[266, 292]",0.257
192,"[113, 266]",0.281
192,"[27, 371]",0.99
192,"[286, 292]",1.511
192,"[119, 266]",1.926
192,"[267, 403]",2.234
192,"[162, 266]",2.322
192,"[199, 307]",2.328
192,"[199, 286]",2.61
192,"[199, 402]",2.662
192,"[3, 330]",2.962
192,"[283, 370]",3.004
192,"[266, 266]",3.19
192,"[249, 266]",3.224
192,"[292, 310]",3.469
192,"[209, 382]",3.89
192,"[66, 371]",10
192,"[117, 266]",10
193,"[266, 360]",0.014
193,"[266, 434]",0.074
193,"[266, 371]",0.074
193,"[91, 315]",0.082
193,"[266, 294]",0.095
193,"[266, 402]",0.099
193,"[209, 266]",0.113
193,"[266, 267]",0.115
193,"[204, 266]",0.154
193,"[266, 370]",0.182
193,"[266, 355]",0.189
193,"[266, 382]",0.224
193,"[266, 385]",0.23
193,"[266, 383]",0.255
193,"[266, 292]",0.257
193,"[113, 266]",0.281
193,"[140, 266]",1.869
193,"[233, 266]",1.902
193,"[199, 235]",2.196
193,"[119, 267]",2.503
193,"[378, 434]",2.796
193,"[124, 266]",2.799
193,"[188, 371]",2.943
193,"[249, 360]",3.097
193,"[152, 266]",3.148
193,"[113, 383]",3.173
193,"[266, 266]",3.19
193,"[371, 381]",3.258
193,"[208, 355]",4.044
193,"[209, 315]",10
193,"[91, 266]",10
193,"[266, 330]",10
194,"[266, 360]",0.014
194,"[266, 434]",0.074
194,"[266, 371]",0.074
194,"[91, 315]",0.082
194,"[266, 294]",0.095
194,"[266, 402]",0.099
194,"[209, 266]",0.113
194,"[266, 267]",0.115
194,"[204, 266]",0.154
194,"[266, 370]",0.182
194,"[266, 355]",0.189
194,"[266, 382]",0.224
194,"[266, 385]",0.23
194,"[266, 383]",0.255
194,"[266, 292]",0.257
194,"[266, 364]",0.272
194,"[113, 266]",0.281
194,"[266, 388]",0.395
194,"[378, 399]",0.784
194,"[140, 266]",1.869
194,"[91, 393]",1.949
194,"[160, 434]",2.486
194,"[266, 430]",2.59
194,"[11, 434]",2.726
194,"[209, 418]",2.899
194,"[149, 266]",2.931
194,"[152, 266]",3.148
194,"[266, 296]",3.223
194,"[370, 371]",3.299
194,"[249, 267]",3.336
194,"[208, 294]",3.962
194,"[266, 431]",10
195,"[266, 360]",0.014
195,"[266, 434]",0.074
195,"[266, 371]",0.074
195,"[91, 315]",0.082
195,"[266, 294]",0.095
195,"[266, 402]",0.099
195,"[209, 266]",0.113
195,"[266, 267]",0.115
195,"[204, 266]",0.154
195,"[266, 370]",0.182
195,"[266, 355]",0.189
195,"[266, 382]",0.224
195,"[266, 385]",0.23
195,"[266, 383]",0.255
195,"[266, 292]",0.257
195,"[266, 364]",0.272
195,"[266, 393]",0.34
195,"[266, 443]",0.552
195,"[29, 91]",0.625
195,"[31, 393]",0.958
195,"[155, 266]",1.442
195,"[220, 266]",1.981
195,"[146, 266]",2.067
195,"[91, 371]",2.121
195,"[287, 431]",2.129
195,"[113, 437]",2.46
195,"[113, 292]",2.484
195,"[204, 296]",2.843
195,"[266, 296]",3.223
195,"[209, 248]",3.34
195,"[249, 393]",3.373
195,"[323, 383]",3.777
196,"[266, 360]",0.014
196,"[266, 434]",0.074
196,"[266, 371]",0.074
196,"[91, 315]",0.082
196,"[266, 294]",0.095
196,"[266, 402]",0.099
196,"[209, 266]",0.113
196,"[266, 267]",0.115
196,"[204, 266]",0.154
196,"[266, 370]",0.182
196,"[266, 355]",0.189
196,"[266, 382]",0.224
196,"[266, 385]",0.23
196,"[266, 383]",0.255
196,"[266, 292]",0.257
196,"[266, 364]",0.272
196,"[91, 275]",1.818
196,"[113, 431]",1.993
196,"[204, 364]",2.203
196,"[113, 364]",2.247
196,"[220, 289]",2.323
196,"[146, 434]",2.497
196,"[236, 266]",2.514
196,"[101, 393]",2.654
196,"[113, 149]",2.707
196,"[266, 367]",2.733
196,"[287, 383]",3.187
196,"[266, 266]",3.19
196,"[155, 294]",4.16
196,"[187, 266]",10
196,"[241, 315]",10
196,"[29, 266]",10
197,"[266, 360]",0.014
197,"[266, 434]",0.074
197,"[266, 371]",0.074
197,"[91, 315]",0.082
197,"[266, 294]",0.095
197,"[266, 402]",0.099
197,"[209, 266]",0.113
197,"[266, 267]",0.115
197,"[204, 266]",0.154
197,"[266, 370]",0.182
197,"[266, 355]",0.189
197,"[266, 382]",0.224
197,"[266, 385]",0.23
197,"[266, 383]",0.255
197,"[266, 292]",0.257
197,"[266, 364]",0.272
197,"[266, 393]",0.34
197,"[96, 315]",1.98
197,"[91, 164]",1.989
197,"[96, 266]",2.018
197,"[91, 314]",2.146
197,"[204, 330]",2.148
197,"[179, 315]",2.193
197,"[293, 315]",2.253
197,"[113, 434]",2.365
197,"[62, 370]",2.61
197,"[270, 355]",2.663
197,"[236, 404]",2.697
197,"[101, 405]",2.886
197,"[266, 349]",3.109
197,"[292, 321]",3.424
197,"[41, 266]",10
198,"[266, 360]",0.014
198,"[266, 434]",0.074
198,"[266, 371]",0.074
198,"[91, 315]",0.082
198,"[266, 294]",0.095
198,"[266, 402]",0.099
198,"[209, 266]",0.113
198,"[266, 267]",0.115
198,"[204, 266]",0.154
198,"[266, 370]",0.182
198,"[266, 355]",0.189
198,"[266, 382]",0.224
198,"[266, 385]",0.23
198,"[266, 383]",0.255
198,"[266, 292]",0.257
198,"[266, 364]",0.272
198,"[147, 266]",1.147
198,"[41, 90]",1.416
198,"[62, 315]",1.742
198,"[266, 315]",1.951
198,"[96, 203]",1.997
198,"[91, 202]",2.163
198,"[117, 434]",2.192
198,"[179, 315]",2.193
198,"[205, 315]",2.277
198,"[404, 434]",2.599
198,"[41, 380]",2.911
198,"[1, 371]",2.986
198,"[164, 292]",3.083
198,"[266, 266]",3.19
198,"[213, 355]",3.35
198,"[349, 383]",10
199,"[266, 360]",0.014
199,"[266, 434]",0.074
199,"[266, 371]",0.074
199,"[91, 315]",0.082
199,"[266, 294]",0.095
199,"[266, 402]",0.099
199,"[209, 266]",0.113
199,"[266, 267]",0.115
199,"[204, 266]",0.154
199,"[266, 370]",0.182
199,"[266, 355]",0.189
199,"[266, 382]",0.224
199,"[266, 385]",0.23
199,"[266, 383]",0.255
199,"[266, 292]",0.257
199,"[266, 364]",0.272
199,"[266, 315]",1.951
199,"[266, 404]",1.993
199,"[117, 203]",2.035
199,"[90, 147]",2.077
199,"[1, 315]",2.134
199,"[203, 404]",2.186
199,"[179, 380]",2.283
199,"[1, 385]",2.476
199,"[82, 266]",2.745
199,"[266, 439]",3.012
199,"[56, 266]",3.048
199,"[293, 371]",3.156
199,"[266, 266]",3.19
199,"[122, 315]",10
199,"[170, 349]",10
199,"[41, 266]",10
200,"[266, 360]",0.014
200,"[266, 434]",0.074
200,"[266, 371]",0.074
200,"[91, 315]",0.082
200,"[266, 294]",0.095
200,"[266, 402]",0.099
200,"[209, 266]",0.113
200,"[266, 267]",0.115
200,"[204, 266]",0.154
200,"[266, 370]",0.182
200,"[266, 355]",0.189
200,"[266, 382]",0.224
200,"[266, 385]",0.23
200,"[266, 383]",0.255
200,"[266, 292]",0.257
200,"[266, 364]",0.272
200,"[41, 383]",1.158
200,"[259, 266]",1.91
200,"[266, 315]",1.951
200,"[37, 209]",2.018
200,"[143, 434]",2.058
200,"[136, 203]",2.269
200,"[138, 266]",2.447
200,"[15, 434]",2.511
200,"[151, 204]",2.785
200,"[41, 380]",2.911
200,"[266, 349]",3.109
200,"[293, 371]",3.156
200,"[331, 349]",3.208
200,"[315, 432]",10
200,"[266, 431]",10
200,"[178, 266]",10
201,"[266, 360]",0.014
201,"[266, 434]",0.074
201,"[266, 371]",0.074
201,"[91, 315]",0.082
201,"[266, 294]",0.095
201,"[266, 402]",0.099
201,"[209, 266]",0.113
201,"[266, 267]",0.115
201,"[204, 266]",0.154
201,"[266, 370]",0.182
201,"[266, 355]",0.189
201,"[266, 382]",0.224
201,"[266, 385]",0.23
201,"[266, 383]",0.255
201,"[266, 292]",0.257
201,"[266, 364]",0.272
201,"[41, 294]",1.226
201,"[41, 349]",1.395
201,"[177, 315]",2.041
201,"[93, 266]",2.075
201,"[37, 434]",2.102
201,"[118, 434]",2.11
201,"[364, 394]",2.24
201,"[91, 159]",2.301
201,"[117, 331]",2.565
201,"[54, 382]",2.637
201,"[192, 402]",2.695
201,"[43, 293]",2.695
201,"[344, 380]",3.166
201,"[266, 266]",3.19
201,"[266, 276]",10
201,"[187, 266]",10
202,"[266, 360]",0.014
202,"[266, 434]",0.074
202,"[266, 371]",0.074
202,"[91, 315]",0.082
202,"[266, 294]",0.095
202,"[266, 402]",0.099
202,"[209, 266]",0.113
202,"[266, 267]",0.115
202,"[204, 266]",0.154
202,"[266, 370]",0.182
202,"[266, 355]",0.189
202,"[266, 382]",0.224
202,"[266, 385]",0.23
202,"[266, 383]",0.255
202,"[266, 292]",0.257
202,"[266, 364]",0.272
202,"[187, 315]",1.125
202,"[91, 382]",1.83
202,"[21, 394]",2.211
202,"[179, 293]",2.314
202,"[138, 266]",2.447
202,"[192, 434]",2.706
202,"[88, 266]",2.713
202,"[187, 206]",2.758
202,"[344, 402]",2.863
202,"[266, 340]",2.884
202,"[266, 266]",3.19
202,"[26, 93]",3.221
202,"[371, 397]",10
202,"[266, 276]",10
202,"[76, 266]",10
202,"[266, 380]",10
203,"[266, 360]",0.014
203,"[266, 434]",0.074
203,"[266, 371]",0.074
203,"[91, 315]",0.082
203,"[266, 294]",0.095
203,"[266, 402]",0.099
203,"[209, 266]",0.113
203,"[266, 267]",0.115
203,"[204, 266]",0.154
203,"[266, 370]",0.182
203,"[266, 355]",0.189
203,"[266, 382]",0.224
203,"[266, 385]",0.23
203,"[266, 383]",0.255
203,"[266, 292]",0.257
203,"[266, 364]",0.272
203,"[4, 266]",1.654
203,"[252, 266]",1.9
203,"[266, 315]",1.951
203,"[138, 315]",2.128
203,"[166, 394]",2.231
203,"[360, 423]",2.254
203,"[185, 394]",2.298
203,"[84, 360]",2.36
203,"[175, 266]",2.641
203,"[88, 266]",2.713
203,"[371, 402]",2.816
203,"[109, 266]",3.032
203,"[249, 266]",3.224
203,"[138, 339]",3.317
203,"[9, 340]",3.467
203,"[133, 371]",4.335
204,"[266, 360]",0.014
204,"[266, 434]",0.074
204,"[266, 371]",0.074
204,"[91, 315]",0.082
204,"[266, 294]",0.095
204,"[266, 402]",0.099
204,"[209, 266]",0.113
204,"[266, 267]",0.115
204,"[204, 266]",0.154
204,"[266, 370]",0.182
204,"[266, 355]",0.189
204,"[266, 382]",0.224
204,"[266, 385]",0.23
204,"[266, 383]",0.255
204,"[266, 292]",0.257
204,"[266, 364]",0.272
204,"[33, 266]",1.983
204,"[13, 185]",2.297
204,"[278, 394]",2.747
204,"[266, 346]",2.901
204,"[219, 266]",2.981
204,"[266, 339]",2.992
204,"[134, 394]",3.088
204,"[292, 314]",3.112
204,"[249, 292]",3.128
204,"[423, 425]",3.141
204,"[38, 185]",4.043
204,"[4, 134]",4.383
204,"[266, 277]",10
204,"[371, 413]",10
204,"[29, 266]",10
204,"[266, 270]",10
205,"[266, 360]",0.014
205,"[266, 434]",0.074
205,"[266, 371]",0.074
205,"[91, 315]",0.082
205,"[266, 294]",0.095
205,"[266, 402]",0.099
205,"[209, 266]",0.113
205,"[266, 267]",0.115
205,"[204, 266]",0.154
205,"[266, 370]",0.182
205,"[266, 355]",0.189
205,"[266, 382]",0.224
205,"[266, 385]",0.23
205,"[266, 383]",0.255
205,"[266, 292]",0.257
205,"[266, 364]",0.272
205,"[266, 428]",0.558
205,"[91, 253]",1.906
205,"[70, 266]",1.979
205,"[222, 266]",2.153
205,"[38, 315]",2.178
205,"[13, 163]",2.22
205,"[355, 423]",2.24
205,"[100, 185]",2.355
205,"[4, 360]",2.631
205,"[270, 357]",3.136
205,"[134, 266]",3.177
205,"[266, 266]",3.19
205,"[209, 346]",3.53
205,"[185, 249]",3.585
205,"[241, 292]",10
205,"[141, 266]",10
206,"[266, 360]",0.014
206,"[266, 434]",0.074
206,"[266, 371]",0.074
206,"[91, 315]",0.082
206,"[266, 294]",0.095
206,"[266, 402]",0.099
206,"[209, 266]",0.113
206,"[266, 267]",0.115
206,"[204, 266]",0.154
206,"[266, 370]",0.182
206,"[266, 355]",0.189
206,"[266, 382]",0.224
206,"[266, 385]",0.23
206,"[266, 383]",0.255
206,"[266, 292]",0.257
206,"[266, 364]",0.272
206,"[230, 355]",1.65
206,"[222, 319]",2.18
206,"[222, 360]",2.209
206,"[364, 394]",2.24
206,"[167, 428]",2.357
206,"[163, 266]",2.472
206,"[340, 423]",2.594
206,"[185, 390]",2.621
206,"[42, 357]",3.082
206,"[266, 266]",3.19
206,"[249, 266]",3.224
206,"[249, 270]",3.341
206,"[210, 382]",4.126
206,"[266, 377]",10
206,"[161, 266]",10
206,"[266, 270]",10
207,"[266, 360]",0.014
207,"[266, 434]",0.074
207,"[266, 371]",0.074
207,"[91, 315]",0.082
207,"[266, 294]",0.095
207,"[266, 402]",0.099
207,"[209, 266]",0.113
207,"[266, 267]",0.115
207,"[204, 266]",0.154
207,"[266, 370]",0.182
207,"[266, 355]",0.189
207,"[266, 382]",0.224
207,"[266, 385]",0.23
207,"[266, 383]",0.255
207,"[266, 292]",0.257
207,"[266, 364]",0.272
207,"[181, 266]",0.44
207,"[220, 266]",1.981
207,"[188, 364]",2.242
207,"[266, 357]",2.443
207,"[167, 267]",2.479
207,"[269, 357]",2.682
207,"[259, 434]",2.704
207,"[166, 266]",2.741
207,"[124, 266]",2.799
207,"[161, 218]",2.858
207,"[266, 340]",2.884
207,"[197, 266]",2.948
207,"[42, 225]",3.042
207,"[266, 266]",3.19
207,"[246, 383]",3.97
207,"[307, 390]",10
208,"[266, 360]",0.014
208,"[266, 434]",0.074
208,"[266, 371]",0.074
208,"[91, 315]",0.082
208,"[266, 294]",0.095
208,"[266, 402]",0.099
208,"[209, 266]",0.113
208,"[266, 267]",0.115
208,"[204, 266]",0.154
208,"[266, 370]",0.182
208,"[266, 355]",0.189
208,"[266, 382]",0.224
208,"[266, 385]",0.23
208,"[266, 383]",0.255
208,"[266, 292]",0.257
208,"[266, 364]",0.272
208,"[48, 266]",1.013
208,"[11, 266]",1.902
208,"[223, 266]",2.037
208,"[140, 292]",2.588
208,"[204, 225]",2.623
208,"[124, 364]",2.716
208,"[166, 225]",2.723
208,"[348, 370]",2.837
208,"[20, 370]",3.015
208,"[204, 347]",3.021
208,"[140, 340]",3.073
208,"[106, 266]",3.107
208,"[63, 181]",3.144
208,"[266, 266]",3.19
208,"[167, 357]",3.405
208,"[124, 340]",3.548
209,"[266, 360]",0.014
209,"[266, 434]",0.074
209,"[266, 371]",0.074
209,"[91, 315]",0.082
209,"[266, 294]",0.095
209,"[266, 402]",0.099
209,"[209, 266]",0.113
209,"[266, 267]",0.115
209,"[204, 266]",0.154
209,"[266, 370]",0.182
209,"[266, 355]",0.189
209,"[266, 382]",0.224
209,"[266, 385]",0.23
209,"[266, 383]",0.255
209,"[266, 292]",0.257
209,"[266, 364]",0.272
209,"[140, 266]",1.869
209,"[11, 266]",1.902
209,"[158, 347]",2.168
209,"[292, 335]",2.406
209,"[166, 364]",2.478
209,"[355, 364]",2.603
209,"[14, 402]",2.718
209,"[48, 370]",2.796
209,"[266, 340]",2.884
209,"[266, 439]",3.012
209,"[209, 364]",3.065
209,"[266, 266]",3.19
209,"[140, 371]",3.372
209,"[209, 239]",3.825
209,"[153, 266]",10
209,"[232, 266]",10
210,"[266, 360]",0.014
210,"[266, 434]",0.074
210,"[266, 371]",0.074
210,"[91, 315]",0.082
210,"[266, 294]",0.095
210,"[266, 402]",0.099
210,"[209, 266]",0.113
210,"[266, 267]",0.115
210,"[204, 266]",0.154
210,"[266, 370]",0.182
210,"[266, 355]",0.189
210,"[266, 382]",0.224
210,"[266, 385]",0.23
210,"[266, 383]",0.255
210,"[266, 292]",0.257
210,"[266, 364]",0.272
210,"[266, 335]",0.53
210,"[266, 315]",1.951
210,"[248, 266]",2.038
210,"[264, 402]",2.144
210,"[222, 434]",2.161
210,"[124, 266]",2.799
210,"[294, 355]",2.873
210,"[266, 310]",3.102
210,"[353, 371]",3.142
210,"[153, 347]",3.16
210,"[266, 266]",3.19
210,"[227, 266]",3.205
210,"[266, 347]",3.236
210,"[133, 434]",3.368
210,"[23, 266]",3.718
210,"[155, 371]",4.226
211,"[266, 360]",0.014
211,"[266, 434]",0.074
211,"[266, 371]",0.074
211,"[91, 315]",0.082
211,"[266, 294]",0.095
211,"[266, 402]",0.099
211,"[209, 266]",0.113
211,"[266, 267]",0.115
211,"[204, 266]",0.154
211,"[266, 370]",0.182
211,"[266, 355]",0.189
211,"[266, 382]",0.224
211,"[266, 385]",0.23
211,"[266, 383]",0.255
211,"[266, 292]",0.257
211,"[266, 364]",0.272
211,"[233, 266]",1.902
211,"[186, 266]",1.902
211,"[69, 266]",1.949
211,"[146, 266]",2.067
211,"[256, 315]",2.069
211,"[126, 266]",2.169
211,"[50, 266]",2.313
211,"[264, 437]",2.422
211,"[227, 385]",2.458
211,"[54, 266]",2.58
211,"[266, 414]",3.12
211,"[266, 347]",3.236
211,"[207, 266]",3.244
211,"[155, 374]",10
211,"[266, 380]",10
211,"[209, 315]",10
212,"[266, 360]",0.014
212,"[266, 434]",0.074
212,"[266, 371]",0.074
212,"[91, 315]",0.082
212,"[266, 294]",0.095
212,"[266, 402]",0.099
212,"[209, 266]",0.113
212,"[266, 267]",0.115
212,"[204, 266]",0.154
212,"[266, 370]",0.182
212,"[266, 355]",0.189
212,"[266, 382]",0.224
212,"[266, 385]",0.23
212,"[266, 383]",0.255
212,"[266, 292]",0.257
212,"[266, 364]",0.272
212,"[266, 445]",0.403
212,"[200, 374]",0.574
212,"[128, 266]",0.91
212,"[266, 315]",1.951
212,"[50, 266]",2.313
212,"[129, 385]",2.412
212,"[50, 385]",2.444
212,"[96, 383]",2.445
212,"[176, 266]",2.815
212,"[265, 266]",2.878
212,"[261, 364]",3.123
212,"[347, 438]",3.145
212,"[266, 266]",3.19
212,"[90, 266]",3.282
212,"[69, 347]",3.487
212,"[40, 266]",10
213,"[266, 360]",0.014
213,"[266, 434]",0.074
213,"[266, 371]",0.074
213,"[91, 315]",0.082
213,"[266, 294]",0.095
213,"[266, 402]",0.099
213,"[209, 266]",0.113
213,"[266, 267]",0.115
213,"[204, 266]",0.154
213,"[266, 370]",0.182
213,"[266, 355]",0.189
213,"[266, 382]",0.224
213,"[266, 385]",0.23
213,"[266, 383]",0.255
213,"[266, 292]",0.257
213,"[266, 364]",0.272
213,"[383, 390]",1.824
213,"[165, 385]",2.072
213,"[91, 364]",2.103
213,"[274, 360]",2.125
213,"[229, 266]",2.159
213,"[162, 266]",2.322
213,"[364, 426]",2.471
213,"[267, 402]",2.518
213,"[4, 204]",2.56
213,"[50, 177]",2.804
213,"[199, 383]",3.115
213,"[266, 266]",3.19
213,"[106, 402]",3.32
213,"[347, 391]",3.502
213,"[347, 445]",3.55
213,"[211, 382]",3.891
214,"[266, 360]",0.014
214,"[266, 434]",0.074
214,"[266, 371]",0.074
214,"[91, 315]",0.082
214,"[266, 294]",0.095
214,"[266, 402]",0.099
214,"[209, 266]",0.113
214,"[266, 267]",0.115
214,"[204, 266]",0.154
214,"[266, 370]",0.182
214,"[266, 355]",0.189
214,"[266, 382]",0.224
214,"[266, 385]",0.23
214,"[266, 383]",0.255
214,"[266, 292]",0.257
214,"[266, 364]",0.272
214,"[266, 445]",0.403
214,"[177, 266]",1.87
214,"[177, 235]",2.25
214,"[106, 315]",2.351
214,"[162, 364]",2.554
214,"[266, 351]",2.643
214,"[103, 162]",2.665
214,"[231, 266]",2.865
214,"[369, 382]",2.933
214,"[20, 266]",2.963
214,"[165, 341]",2.972
214,"[4, 363]",3.165
214,"[266, 266]",3.19
214,"[267, 383]",3.901
214,"[383, 383]",10
214,"[71, 266]",10
215,"[266, 360]",0.014
215,"[266, 434]",0.074
215,"[266, 371]",0.074
215,"[91, 315]",0.082
215,"[266, 294]",0.095
215,"[266, 402]",0.099
215,"[209, 266]",0.113
215,"[266, 267]",0.115
215,"[204, 266]",0.154
215,"[266, 370]",0.182
215,"[266, 355]",0.189
215,"[266, 382]",0.224
215,"[266, 385]",0.23
215,"[266, 383]",0.255
215,"[266, 292]",0.257
215,"[266, 364]",0.272
215,"[315, 386]",0.424
215,"[4, 315]",2.019
215,"[177, 385]",2.302
215,"[162, 266]",2.322
215,"[97, 266]",2.383
215,"[231, 355]",2.676
215,"[162, 162]",2.781
215,"[170, 177]",2.989
215,"[266, 339]",2.992
215,"[266, 266]",3.19
215,"[25, 266]",3.231
215,"[177, 383]",3.503
215,"[4, 294]",3.516
215,"[162, 371]",3.532
215,"[59, 383]",3.805
215,"[106, 305]",4.14
216,"[266, 360]",0.014
216,"[266, 434]",0.074
216,"[266, 371]",0.074
216,"[91, 315]",0.082
216,"[266, 294]",0.095
216,"[266, 402]",0.099
216,"[209, 266]",0.113
216,"[266, 267]",0.115
216,"[204, 266]",0.154
216,"[266, 370]",0.182
216,"[266, 355]",0.189
216,"[266, 382]",0.224
216,"[266, 385]",0.23
216,"[266, 383]",0.255
216,"[266, 292]",0.257
216,"[266, 364]",0.272
216,"[122, 402]",2.072
216,"[170, 315]",2.093
216,"[271, 315]",2.095
216,"[162, 266]",2.322
216,"[4, 194]",2.335
216,"[147, 177]",2.373
216,"[11, 177]",2.455
216,"[65, 204]",2.503
216,"[4, 145]",2.525
216,"[10, 266]",2.549
216,"[205, 266]",3.03
216,"[65, 162]",3.061
216,"[4, 415]",3.18
216,"[44, 383]",3.311
216,"[32, 162]",3.437
216,"[4, 162]",3.53
217,"[266, 360]",0.014
217,"[266, 434]",0.074
217,"[266, 371]",0.074
217,"[91, 315]",0.082
217,"[266, 294]",0.095
217,"[266, 402]",0.099
217,"[209, 266]",0.113
217,"[266, 267]",0.115
217,"[204, 266]",0.154
217,"[266, 370]",0.182
217,"[266, 355]",0.189
217,"[266, 382]",0.224
217,"[266, 385]",0.23
217,"[266, 413]",0.247
217,"[266, 383]",0.255
217,"[266, 292]",0.257
217,"[266, 364]",0.272
217,"[262, 266]",1.585
217,"[266, 315]",1.951
217,"[126, 266]",2.169
217,"[162, 266]",2.322
217,"[289, 382]",2.343
217,"[44, 177]",2.348
217,"[170, 177]",2.989
217,"[4, 57]",3.022
217,"[4, 415]",3.18
217,"[266, 266]",3.19
217,"[44, 383]",3.311
217,"[177, 277]",3.345
217,"[10, 383]",3.398
217,"[23, 266]",3.718
217,"[38, 65]",3.836
218,"[266, 360]",0.014
218,"[266, 434]",0.074
218,"[266, 371]",0.074
218,"[91, 315]",0.082
218,"[266, 294]",0.095
218,"[266, 402]",0.099
218,"[209, 266]",0.113
218,"[266, 267]",0.115
218,"[204, 266]",0.154
218,"[266, 370]",0.182
218,"[266, 355]",0.189
218,"[266, 382]",0.224
218,"[266, 385]",0.23
218,"[266, 413]",0.247
218,"[266, 383]",0.255
218,"[266, 292]",0.257
218,"[266, 331]",0.359
218,"[143, 266]",0.893
218,"[46, 266]",1.411
218,"[184, 315]",2.14
218,"[162, 266]",2.322
218,"[292, 325]",2.636
218,"[55, 266]",2.804
218,"[218, 355]",2.828
218,"[4, 385]",3.018
218,"[25, 266]",3.231
218,"[170, 267]",3.302
218,"[23, 146]",3.327
218,"[11, 170]",3.759
218,"[209, 383]",3.796
218,"[38, 301]",4.232
218,"[85, 266]",10
219,"[266, 360]",0.014
219,"[266, 434]",0.074
219,"[266, 371]",0.074
219,"[91, 315]",0.082
219,"[266, 294]",0.095
219,"[266, 402]",0.099
219,"[209, 266]",0.113
219,"[266, 267]",0.115
219,"[204, 266]",0.154
219,"[266, 370]",0.182
219,"[266, 355]",0.189
219,"[266, 382]",0.224
219,"[266, 385]",0.23
219,"[266, 413]",0.247
219,"[266, 383]",0.255
219,"[266, 292]",0.257
219,"[266, 331]",0.359
219,"[143, 402]",1.899
219,"[360, 390]",2.018
219,"[34, 266]",2.062
219,"[162, 274]",2.115
219,"[206, 209]",2.35
219,"[266, 303]",2.374
219,"[55, 238]",2.715
219,"[266, 301]",2.76
219,"[162, 445]",2.894
219,"[10, 38]",2.975
219,"[266, 266]",3.19
219,"[209, 370]",3.353
219,"[85, 266]",10
219,"[242, 383]",10
219,"[182, 413]",10
220,"[266, 360]",0.014
220,"[266, 434]",0.074
220,"[266, 371]",0.074
220,"[91, 315]",0.082
220,"[266, 294]",0.095
220,"[266, 402]",0.099
220,"[209, 266]",0.113
220,"[266, 267]",0.115
220,"[204, 266]",0.154
220,"[266, 370]",0.182
220,"[266, 355]",0.189
220,"[266, 382]",0.224
220,"[266, 385]",0.23
220,"[266, 413]",0.247
220,"[266, 383]",0.255
220,"[266, 292]",0.257
220,"[234, 266]",0.303
220,"[238, 341]",1.024
220,"[196, 267]",2.19
220,"[143, 382]",2.276
220,"[179, 445]",2.394
220,"[162, 269]",2.561
220,"[85, 385]",2.565
220,"[206, 382]",2.617
220,"[360, 440]",2.633
220,"[206, 353]",2.635
220,"[209, 440]",2.827
220,"[206, 310]",3.062
220,"[266, 266]",3.19
220,"[209, 294]",3.619
220,"[266, 281]",3.621
220,"[277, 301]",4.364
221,"[266, 360]",0.014
221,"[266, 434]",0.074
221,"[266, 371]",0.074
221,"[91, 315]",0.082
221,"[266, 294]",0.095
221,"[266, 402]",0.099
221,"[209, 266]",0.113
221,"[266, 267]",0.115
221,"[204, 266]",0.154
221,"[266, 370]",0.182
221,"[266, 355]",0.189
221,"[266, 382]",0.224
221,"[266, 385]",0.23
221,"[266, 413]",0.247
221,"[266, 383]",0.255
221,"[266, 292]",0.257
221,"[143, 434]",2.058
221,"[76, 206]",2.259
221,"[50, 385]",2.444
221,"[360, 445]",2.458
221,"[206, 371]",2.636
221,"[294, 384]",2.703
221,"[85, 434]",2.776
221,"[272, 281]",2.808
221,"[363, 382]",2.809
221,"[157, 209]",2.976
221,"[174, 382]",3.039
221,"[66, 266]",3.288
221,"[301, 405]",3.688
221,"[216, 310]",4.042
221,"[273, 341]",10
221,"[74, 266]",10
222,"[266, 360]",0.014
222,"[266, 434]",0.074
222,"[266, 371]",0.074
222,"[91, 315]",0.082
222,"[266, 294]",0.095
222,"[266, 402]",0.099
222,"[209, 266]",0.113
222,"[266, 267]",0.115
222,"[204, 266]",0.154
222,"[266, 370]",0.182
222,"[266, 355]",0.189
222,"[266, 382]",0.224
222,"[266, 385]",0.23
222,"[266, 413]",0.247
222,"[266, 383]",0.255
222,"[266, 292]",0.257
222,"[266, 287]",0.281
222,"[19, 266]",0.596
222,"[91, 209]",1.956
222,"[74, 285]",2.154
222,"[174, 292]",2.312
222,"[18, 434]",2.318
222,"[157, 432]",2.335
222,"[82, 143]",2.418
222,"[196, 382]",2.431
222,"[99, 301]",2.449
222,"[266, 346]",2.901
222,"[266, 266]",3.19
222,"[164, 310]",3.524
222,"[91, 413]",4.581
222,"[201, 266]",10
222,"[12, 66]",10
223,"[266, 360]",0.014
223,"[266, 434]",0.074
223,"[266, 371]",0.074
223,"[91, 315]",0.082
223,"[266, 294]",0.095
223,"[266, 402]",0.099
223,"[209, 266]",0.113
223,"[266, 267]",0.115
223,"[204, 266]",0.154
223,"[266, 370]",0.182
223,"[266, 355]",0.189
223,"[266, 382]",0.224
223,"[266, 385]",0.23
223,"[266, 413]",0.247
223,"[266, 383]",0.255
223,"[266, 292]",0.257
223,"[18, 142]",2.236
223,"[266, 285]",2.282
223,"[18, 370]",2.302
223,"[14, 204]",2.38
223,"[99, 434]",2.385
223,"[23, 157]",2.52
223,"[157, 270]",2.594
223,"[108, 266]",2.756
223,"[15, 301]",2.853
223,"[266, 399]",2.903
223,"[266, 283]",2.98
223,"[77, 266]",3.157
223,"[164, 301]",3.263
223,"[164, 383]",3.506
223,"[74, 413]",3.703
223,"[19, 24]",4.289
224,"[266, 360]",0.014
224,"[266, 434]",0.074
224,"[266, 371]",0.074
224,"[91, 315]",0.082
224,"[266, 294]",0.095
224,"[266, 402]",0.099
224,"[209, 266]",0.113
224,"[266, 267]",0.115
224,"[204, 266]",0.154
224,"[266, 370]",0.182
224,"[266, 355]",0.189
224,"[266, 382]",0.224
224,"[266, 385]",0.23
224,"[266, 413]",0.247
224,"[266, 383]",0.255
224,"[266, 292]",0.257
224,"[266, 331]",0.359
224,"[63, 315]",1.841
224,"[322, 402]",2.108
224,"[257, 385]",2.199
224,"[223, 382]",2.29
224,"[76, 360]",2.34
224,"[180, 266]",2.503
224,"[108, 426]",2.553
224,"[259, 370]",2.587
224,"[164, 264]",2.616
224,"[164, 278]",3.231
224,"[217, 301]",3.489
224,"[189, 355]",3.846
224,"[18, 24]",4.48
224,"[24, 266]",10
224,"[266, 390]",10
225,"[266, 360]",0.014
225,"[266, 434]",0.074
225,"[266, 371]",0.074
225,"[91, 315]",0.082
225,"[266, 294]",0.095
225,"[266, 402]",0.099
225,"[209, 266]",0.113
225,"[266, 267]",0.115
225,"[204, 266]",0.154
225,"[266, 370]",0.182
225,"[266, 355]",0.189
225,"[266, 382]",0.224
225,"[266, 385]",0.23
225,"[266, 413]",0.247
225,"[266, 383]",0.255
225,"[266, 292]",0.257
225,"[266, 315]",1.951
225,"[158, 266]",2.403
225,"[76, 402]",2.428
225,"[330, 434]",2.512
225,"[272, 385]",2.581
225,"[187, 331]",2.733
225,"[266, 397]",2.997
225,"[331, 343]",3.017
225,"[209, 287]",3.08
225,"[257, 425]",3.166
225,"[217, 292]",3.182
225,"[217, 355]",3.332
225,"[24, 358]",3.965
225,"[164, 374]",10
225,"[294, 304]",10
225,"[24, 360]",10
226,"[266, 360]",0.014
226,"[266, 434]",0.074
226,"[266, 371]",0.074
226,"[91, 315]",0.082
226,"[266, 294]",0.095
226,"[266, 402]",0.099
226,"[209, 266]",0.113
226,"[266, 267]",0.115
226,"[204, 266]",0.154
226,"[266, 370]",0.182
226,"[266, 355]",0.189
226,"[266, 382]",0.224
226,"[266, 385]",0.23
226,"[266, 413]",0.247
226,"[266, 383]",0.255
226,"[266, 292]",0.257
226,"[102, 266]",1.708
226,"[203, 257]",2.044
226,"[158, 350]",2.122
226,"[315, 446]",2.147
226,"[42, 266]",2.248
226,"[330, 402]",2.345
226,"[294, 380]",2.572
226,"[232, 402]",2.594
226,"[331, 382]",2.618
226,"[166, 292]",2.707
226,"[194, 217]",2.805
226,"[294, 294]",2.986
226,"[204, 304]",3.017
226,"[266, 266]",3.19
226,"[209, 358]",3.691
226,"[60, 217]",3.767
227,"[266, 360]",0.014
227,"[266, 434]",0.074
227,"[266, 371]",0.074
227,"[91, 315]",0.082
227,"[266, 294]",0.095
227,"[266, 402]",0.099
227,"[209, 266]",0.113
227,"[266, 267]",0.115
227,"[204, 266]",0.154
227,"[266, 370]",0.182
227,"[266, 355]",0.189
227,"[266, 382]",0.224
227,"[266, 385]",0.23
227,"[266, 413]",0.247
227,"[266, 383]",0.255
227,"[266, 292]",0.257
227,"[266, 428]",0.558
227,"[103, 204]",2.268
227,"[204, 267]",2.274
227,"[294, 432]",2.349
227,"[182, 204]",2.356
227,"[27, 304]",2.372
227,"[80, 232]",2.504
227,"[232, 292]",2.511
227,"[194, 283]",2.663
227,"[239, 370]",2.666
227,"[247, 294]",2.775
227,"[266, 342]",2.806
227,"[46, 371]",2.983
227,"[266, 266]",3.19
227,"[119, 413]",3.693
227,"[16, 383]",4.625
228,"[266, 360]",0.014
228,"[266, 434]",0.074
228,"[266, 371]",0.074
228,"[91, 315]",0.082
228,"[266, 294]",0.095
228,"[266, 402]",0.099
228,"[209, 266]",0.113
228,"[266, 267]",0.115
228,"[204, 266]",0.154
228,"[266, 370]",0.182
228,"[266, 355]",0.189
228,"[266, 382]",0.224
228,"[266, 385]",0.23
228,"[266, 413]",0.247
228,"[266, 383]",0.255
228,"[266, 292]",0.257
228,"[266, 271]",0.51
228,"[266, 428]",0.558
228,"[195, 266]",1.151
228,"[204, 322]",2.163
228,"[194, 445]",2.271
228,"[91, 283]",2.324
228,"[180, 204]",2.399
228,"[119, 167]",2.472
228,"[119, 267]",2.503
228,"[80, 382]",2.618
228,"[267, 292]",2.633
228,"[266, 387]",2.973
228,"[192, 383]",3.066
228,"[204, 372]",3.189
228,"[266, 344]",3.219
228,"[247, 344]",4.103
229,"[266, 360]",0.014
229,"[266, 434]",0.074
229,"[266, 371]",0.074
229,"[91, 315]",0.082
229,"[266, 294]",0.095
229,"[266, 402]",0.099
229,"[209, 266]",0.113
229,"[266, 267]",0.115
229,"[204, 266]",0.154
229,"[266, 370]",0.182
229,"[266, 355]",0.189
229,"[266, 382]",0.224
229,"[266, 385]",0.23
229,"[266, 413]",0.247
229,"[266, 383]",0.255
229,"[266, 292]",0.257
229,"[266, 428]",0.558
229,"[134, 315]",0.746
229,"[49, 91]",1.862
229,"[70, 266]",1.979
229,"[195, 271]",2.055
229,"[289, 434]",2.196
229,"[204, 294]",2.315
229,"[235, 266]",2.486
229,"[2, 266]",2.503
229,"[204, 396]",2.568
229,"[324, 387]",2.583
229,"[39, 344]",2.644
229,"[180, 283]",3.615
229,"[256, 382]",4.113
229,"[266, 330]",10
229,"[247, 266]",10
230,"[266, 360]",0.014
230,"[266, 434]",0.074
230,"[266, 371]",0.074
230,"[91, 315]",0.082
230,"[266, 294]",0.095
230,"[266, 402]",0.099
230,"[209, 266]",0.113
230,"[266, 267]",0.115
230,"[204, 266]",0.154
230,"[266, 370]",0.182
230,"[266, 355]",0.189
230,"[266, 382]",0.224
230,"[266, 385]",0.23
230,"[266, 413]",0.247
230,"[266, 383]",0.255
230,"[266, 292]",0.257
230,"[266, 424]",0.329
230,"[266, 418]",0.453
230,"[204, 315]",1.739
230,"[203, 266]",1.999
230,"[204, 271]",2.037
230,"[289, 292]",2.047
230,"[55, 315]",2.139
230,"[229, 385]",2.186
230,"[204, 294]",2.315
230,"[247, 328]",2.514
230,"[266, 286]",2.738
230,"[261, 324]",3.085
230,"[266, 266]",3.19
230,"[266, 426]",3.48
230,"[266, 330]",10
230,"[91, 266]",10
231,"[266, 360]",0.014
231,"[266, 434]",0.074
231,"[266, 371]",0.074
231,"[91, 315]",0.082
231,"[266, 294]",0.095
231,"[266, 402]",0.099
231,"[209, 266]",0.113
231,"[266, 267]",0.115
231,"[204, 266]",0.154
231,"[266, 370]",0.182
231,"[266, 355]",0.189
231,"[266, 382]",0.224
231,"[266, 385]",0.23
231,"[266, 413]",0.247
231,"[266, 383]",0.255
231,"[266, 292]",0.257
231,"[38, 286]",1.56
231,"[203, 324]",1.875
231,"[266, 315]",1.951
231,"[156, 266]",1.963
231,"[315, 416]",2.235
231,"[80, 266]",2.56
231,"[88, 266]",2.713
231,"[266, 286]",2.738
231,"[225, 418]",2.946
231,"[266, 310]",3.102
231,"[287, 426]",3.185
231,"[337, 371]",3.301
231,"[266, 426]",3.48
231,"[76, 383]",4.064
231,"[261, 413]",10
231,"[266, 379]",10
232,"[266, 360]",0.014
232,"[266, 434]",0.074
232,"[266, 371]",0.074
232,"[91, 315]",0.082
232,"[266, 294]",0.095
232,"[266, 402]",0.099
232,"[209, 266]",0.113
232,"[266, 267]",0.115
232,"[204, 266]",0.154
232,"[266, 370]",0.182
232,"[266, 355]",0.189
232,"[266, 382]",0.224
232,"[266, 385]",0.23
232,"[266, 413]",0.247
232,"[266, 383]",0.255
232,"[266, 292]",0.257
232,"[95, 266]",1.298
232,"[20, 324]",1.894
232,"[266, 315]",1.951
232,"[91, 371]",2.121
232,"[13, 287]",2.248
232,"[76, 335]",2.273
232,"[345, 434]",2.535
232,"[266, 286]",2.738
232,"[166, 266]",2.741
232,"[266, 301]",2.76
232,"[35, 76]",3.038
232,"[266, 419]",3.075
232,"[209, 361]",3.146
232,"[225, 379]",3.38
232,"[156, 160]",3.552
232,"[38, 246]",4.263
233,"[266, 360]",0.014
233,"[266, 434]",0.074
233,"[266, 371]",0.074
233,"[91, 315]",0.082
233,"[266, 294]",0.095
233,"[266, 402]",0.099
233,"[209, 266]",0.113
233,"[266, 267]",0.115
233,"[204, 266]",0.154
233,"[266, 370]",0.182
233,"[266, 355]",0.189
233,"[266, 382]",0.224
233,"[266, 385]",0.23
233,"[266, 413]",0.247
233,"[266, 383]",0.255
233,"[266, 292]",0.257
233,"[266, 418]",0.453
233,"[91, 147]",1.836
233,"[266, 315]",1.951
233,"[204, 324]",2.014
233,"[95, 267]",2.404
233,"[3, 286]",2.473
233,"[57, 382]",2.593
233,"[266, 301]",2.76
233,"[266, 266]",3.19
233,"[20, 63]",3.357
233,"[209, 236]",3.626
233,"[208, 335]",4.024
233,"[137, 294]",4.147
233,"[35, 383]",4.69
233,"[127, 266]",10
233,"[160, 266]",10
234,"[266, 360]",0.014
234,"[266, 434]",0.074
234,"[266, 371]",0.074
234,"[91, 315]",0.082
234,"[266, 294]",0.095
234,"[266, 402]",0.099
234,"[209, 266]",0.113
234,"[266, 267]",0.115
234,"[204, 266]",0.154
234,"[266, 370]",0.182
234,"[266, 355]",0.189
234,"[266, 382]",0.224
234,"[266, 385]",0.23
234,"[266, 413]",0.247
234,"[266, 383]",0.255
234,"[266, 292]",0.257
234,"[216, 266]",0.28
234,"[63, 266]",0.445
234,"[47, 266]",0.57
234,"[188, 301]",2.374
234,"[236, 266]",2.514
234,"[294, 402]",2.527
234,"[3, 294]",2.785
234,"[245, 266]",2.884
234,"[266, 369]",3.165
234,"[266, 425]",3.354
234,"[3, 371]",3.429
234,"[236, 334]",3.445
234,"[205, 385]",3.445
234,"[162, 209]",3.668
234,"[127, 413]",3.948
234,"[266, 277]",10
235,"[266, 360]",0.014
235,"[266, 434]",0.074
235,"[266, 371]",0.074
235,"[91, 315]",0.082
235,"[266, 294]",0.095
235,"[266, 402]",0.099
235,"[209, 266]",0.113
235,"[266, 267]",0.115
235,"[204, 266]",0.154
235,"[266, 370]",0.182
235,"[266, 355]",0.189
235,"[266, 382]",0.224
235,"[266, 385]",0.23
235,"[266, 413]",0.247
235,"[266, 383]",0.255
235,"[266, 292]",0.257
235,"[246, 266]",1.596
235,"[91, 140]",1.887
235,"[233, 266]",1.902
235,"[91, 385]",2.058
235,"[188, 266]",2.135
235,"[100, 267]",2.265
235,"[223, 294]",2.308
235,"[393, 425]",2.308
235,"[199, 266]",2.462
235,"[402, 417]",2.681
235,"[266, 288]",2.797
235,"[113, 382]",2.904
235,"[47, 181]",3.16
235,"[52, 413]",3.308
235,"[44, 413]",3.461
235,"[60, 371]",3.646
236,"[266, 360]",0.014
236,"[266, 434]",0.074
236,"[266, 371]",0.074
236,"[91, 315]",0.082
236,"[266, 294]",0.095
236,"[266, 402]",0.099
236,"[209, 266]",0.113
236,"[266, 267]",0.115
236,"[204, 266]",0.154
236,"[266, 370]",0.182
236,"[266, 355]",0.189
236,"[266, 382]",0.224
236,"[266, 385]",0.23
236,"[266, 413]",0.247
236,"[266, 383]",0.255
236,"[266, 292]",0.257
236,"[266, 320]",0.538
236,"[266, 305]",0.642
236,"[91, 286]",1.476
236,"[42, 266]",2.248
236,"[99, 288]",2.286
236,"[75, 266]",2.465
236,"[235, 266]",2.486
236,"[360, 377]",2.646
236,"[266, 417]",2.833
236,"[292, 301]",2.97
236,"[266, 266]",3.19
236,"[199, 425]",3.671
236,"[65, 383]",4.138
236,"[393, 413]",4.495
236,"[91, 266]",10
236,"[22, 266]",10
237,"[266, 360]",0.014
237,"[266, 434]",0.074
237,"[266, 371]",0.074
237,"[91, 315]",0.082
237,"[266, 294]",0.095
237,"[266, 402]",0.099
237,"[209, 266]",0.113
237,"[266, 267]",0.115
237,"[204, 266]",0.154
237,"[266, 370]",0.182
237,"[266, 355]",0.189
237,"[266, 382]",0.224
237,"[266, 385]",0.23
237,"[266, 413]",0.247
237,"[266, 383]",0.255
237,"[266, 292]",0.257
237,"[113, 266]",0.281
237,"[262, 266]",1.585
237,"[91, 377]",2.181
237,"[129, 266]",2.187
237,"[183, 360]",2.31
237,"[199, 382]",2.323
237,"[360, 417]",2.324
237,"[371, 420]",2.353
237,"[266, 417]",2.833
237,"[133, 266]",3.102
237,"[65, 382]",3.104
237,"[266, 266]",3.19
237,"[191, 266]",3.206
237,"[106, 292]",4.886
237,"[22, 266]",10
237,"[266, 379]",10
238,"[266, 360]",0.014
238,"[266, 434]",0.074
238,"[266, 371]",0.074
238,"[91, 315]",0.082
238,"[266, 294]",0.095
238,"[266, 402]",0.099
238,"[209, 266]",0.113
238,"[266, 267]",0.115
238,"[204, 266]",0.154
238,"[266, 370]",0.182
238,"[266, 355]",0.189
238,"[266, 382]",0.224
238,"[266, 385]",0.23
238,"[266, 413]",0.247
238,"[266, 383]",0.255
238,"[266, 292]",0.257
238,"[206, 266]",0.829
238,"[302, 360]",1.42
238,"[360, 427]",1.591
238,"[91, 292]",2.154
238,"[98, 266]",2.217
238,"[204, 267]",2.274
238,"[183, 370]",2.348
238,"[113, 267]",2.419
238,"[146, 385]",2.446
238,"[145, 434]",2.467
238,"[129, 382]",2.84
238,"[292, 301]",2.97
238,"[109, 266]",3.032
238,"[113, 413]",3.149
238,"[266, 266]",3.19
238,"[91, 266]",10
239,"[266, 360]",0.014
239,"[266, 434]",0.074
239,"[266, 371]",0.074
239,"[91, 315]",0.082
239,"[266, 294]",0.095
239,"[266, 402]",0.099
239,"[209, 266]",0.113
239,"[266, 267]",0.115
239,"[204, 266]",0.154
239,"[266, 370]",0.182
239,"[266, 355]",0.189
239,"[266, 382]",0.224
239,"[266, 385]",0.23
239,"[266, 413]",0.247
239,"[266, 383]",0.255
239,"[266, 292]",0.257
239,"[266, 315]",1.951
239,"[85, 91]",2.09
239,"[0, 370]",2.113
239,"[21, 113]",2.19
239,"[204, 385]",2.211
239,"[97, 266]",2.383
239,"[266, 284]",2.408
239,"[21, 292]",2.561
239,"[83, 113]",2.603
239,"[98, 370]",2.639
239,"[183, 266]",2.77
239,"[65, 370]",2.84
239,"[158, 371]",2.978
239,"[266, 266]",3.19
239,"[206, 413]",3.27
239,"[398, 413]",4.901
240,"[266, 360]",0.014
240,"[266, 434]",0.074
240,"[266, 371]",0.074
240,"[91, 315]",0.082
240,"[266, 294]",0.095
240,"[266, 402]",0.099
240,"[209, 266]",0.113
240,"[266, 267]",0.115
240,"[204, 266]",0.154
240,"[266, 370]",0.182
240,"[266, 355]",0.189
240,"[266, 382]",0.224
240,"[266, 385]",0.23
240,"[266, 413]",0.247
240,"[266, 383]",0.255
240,"[266, 292]",0.257
240,"[113, 266]",0.281
240,"[91, 98]",1.844
240,"[266, 315]",1.951
240,"[206, 376]",2.126
240,"[284, 370]",2.226
240,"[113, 392]",2.325
240,"[238, 434]",2.516
240,"[266, 392]",2.631
240,"[383, 398]",2.776
240,"[149, 266]",2.931
240,"[240, 294]",2.94
240,"[280, 360]",3.123
240,"[266, 266]",3.19
240,"[21, 261]",3.503
240,"[98, 355]",3.603
240,"[155, 371]",4.226
241,"[266, 360]",0.014
241,"[266, 434]",0.074
241,"[266, 371]",0.074
241,"[91, 315]",0.082
241,"[266, 294]",0.095
241,"[266, 402]",0.099
241,"[209, 266]",0.113
241,"[266, 267]",0.115
241,"[204, 266]",0.154
241,"[266, 370]",0.182
241,"[266, 355]",0.189
241,"[266, 382]",0.224
241,"[266, 385]",0.23
241,"[266, 413]",0.247
241,"[266, 383]",0.255
241,"[266, 292]",0.257
241,"[266, 318]",0.329
241,"[206, 266]",0.829
241,"[91, 157]",1.985
241,"[98, 266]",2.217
241,"[284, 355]",2.282
241,"[246, 360]",2.554
241,"[21, 294]",2.615
241,"[192, 402]",2.695
241,"[0, 266]",3.035
241,"[280, 360]",3.123
241,"[266, 341]",3.208
241,"[21, 226]",3.314
241,"[63, 209]",3.345
241,"[98, 348]",3.391
241,"[374, 434]",10
241,"[266, 432]",10
242,"[266, 360]",0.014
242,"[266, 434]",0.074
242,"[266, 371]",0.074
242,"[91, 315]",0.082
242,"[266, 294]",0.095
242,"[266, 402]",0.099
242,"[209, 266]",0.113
242,"[266, 267]",0.115
242,"[204, 266]",0.154
242,"[266, 370]",0.182
242,"[266, 355]",0.189
242,"[266, 382]",0.224
242,"[266, 385]",0.23
242,"[266, 413]",0.247
242,"[266, 383]",0.255
242,"[266, 292]",0.257
242,"[131, 209]",1.627
242,"[186, 266]",1.902
242,"[266, 315]",1.951
242,"[33, 266]",1.983
242,"[382, 420]",2.09
242,"[21, 434]",2.45
242,"[63, 402]",2.72
242,"[63, 355]",2.776
242,"[55, 266]",2.804
242,"[243, 383]",2.846
242,"[43, 266]",2.909
242,"[292, 295]",2.911
242,"[321, 385]",3.057
242,"[266, 299]",3.088
242,"[5, 360]",3.405
242,"[207, 434]",3.423
243,"[266, 360]",0.014
243,"[266, 434]",0.074
243,"[266, 371]",0.074
243,"[91, 315]",0.082
243,"[266, 294]",0.095
243,"[266, 402]",0.099
243,"[209, 266]",0.113
243,"[266, 267]",0.115
243,"[204, 266]",0.154
243,"[266, 370]",0.182
243,"[266, 355]",0.189
243,"[266, 382]",0.224
243,"[266, 385]",0.23
243,"[266, 413]",0.247
243,"[266, 383]",0.255
243,"[266, 292]",0.257
243,"[266, 352]",0.865
243,"[33, 403]",2.018
243,"[236, 315]",2.094
243,"[267, 315]",2.155
243,"[188, 243]",2.157
243,"[38, 315]",2.178
243,"[233, 385]",2.354
243,"[266, 284]",2.408
243,"[243, 355]",2.437
243,"[204, 355]",2.441
243,"[272, 434]",2.784
243,"[186, 383]",2.845
243,"[159, 371]",3.233
243,"[66, 266]",3.288
243,"[207, 413]",4.177
243,"[43, 336]",4.216
244,"[266, 360]",0.014
244,"[266, 434]",0.074
244,"[266, 371]",0.074
244,"[91, 315]",0.082
244,"[266, 294]",0.095
244,"[266, 402]",0.099
244,"[209, 266]",0.113
244,"[266, 267]",0.115
244,"[204, 266]",0.154
244,"[266, 370]",0.182
244,"[266, 355]",0.189
244,"[266, 382]",0.224
244,"[266, 385]",0.23
244,"[266, 413]",0.247
244,"[266, 383]",0.255
244,"[266, 292]",0.257
244,"[266, 352]",0.865
244,"[267, 352]",1.642
244,"[254, 266]",1.676
244,"[186, 266]",1.902
244,"[243, 315]",2.048
244,"[85, 91]",2.09
244,"[38, 315]",2.178
244,"[186, 382]",2.451
244,"[236, 360]",2.466
244,"[142, 272]",2.56
244,"[284, 327]",2.932
244,"[212, 371]",3.254
244,"[207, 434]",3.423
244,"[16, 360]",3.532
244,"[207, 355]",4.399
244,"[66, 434]",4.511
245,"[266, 360]",0.014
245,"[266, 434]",0.074
245,"[266, 371]",0.074
245,"[91, 315]",0.082
245,"[266, 294]",0.095
245,"[266, 402]",0.099
245,"[209, 266]",0.113
245,"[266, 267]",0.115
245,"[204, 266]",0.154
245,"[266, 370]",0.182
245,"[266, 355]",0.189
245,"[266, 382]",0.224
245,"[266, 385]",0.23
245,"[266, 413]",0.247
245,"[266, 383]",0.255
245,"[266, 292]",0.257
245,"[91, 117]",1.719
245,"[186, 315]",2.048
245,"[266, 272]",2.195
245,"[223, 254]",2.275
245,"[209, 442]",2.281
245,"[142, 385]",2.315
245,"[360, 444]",2.87
245,"[266, 327]",3.045
245,"[221, 267]",3.103
245,"[266, 266]",3.19
245,"[209, 296]",3.362
245,"[139, 382]",3.671
245,"[16, 267]",3.822
245,"[207, 413]",4.177
245,"[295, 327]",4.689
245,"[117, 266]",10
246,"[266, 360]",0.014
246,"[266, 434]",0.074
246,"[266, 371]",0.074
246,"[91, 315]",0.082
246,"[266, 294]",0.095
246,"[266, 402]",0.099
246,"[209, 266]",0.113
246,"[266, 267]",0.115
246,"[204, 266]",0.154
246,"[266, 370]",0.182
246,"[266, 355]",0.189
246,"[266, 382]",0.224
246,"[266, 385]",0.23
246,"[266, 413]",0.247
246,"[266, 383]",0.255
246,"[266, 292]",0.257
246,"[286, 371]",1.431
246,"[8, 266]",2.053
246,"[203, 385]",2.232
246,"[148, 204]",2.238
246,"[117, 355]",2.239
246,"[204, 254]",2.429
246,"[108, 385]",2.485
246,"[81, 292]",2.608
246,"[63, 296]",2.717
246,"[176, 266]",2.815
246,"[221, 267]",3.103
246,"[207, 385]",3.267
246,"[207, 383]",10
246,"[266, 321]",10
246,"[266, 432]",10
246,"[86, 266]",10
247,"[266, 360]",0.014
247,"[266, 434]",0.074
247,"[266, 371]",0.074
247,"[91, 315]",0.082
247,"[266, 294]",0.095
247,"[266, 402]",0.099
247,"[209, 266]",0.113
247,"[266, 267]",0.115
247,"[204, 266]",0.154
247,"[266, 370]",0.182
247,"[266, 355]",0.189
247,"[266, 382]",0.224
247,"[266, 385]",0.23
247,"[266, 413]",0.247
247,"[266, 383]",0.255
247,"[266, 292]",0.257
247,"[234, 266]",0.303
247,"[266, 298]",0.492
247,"[63, 120]",2.277
247,"[86, 394]",2.278
247,"[132, 203]",2.304
247,"[92, 266]",2.519
247,"[168, 355]",2.751
247,"[383, 398]",2.776
247,"[216, 434]",2.831
247,"[266, 266]",3.19
247,"[383, 391]",3.613
247,"[294, 368]",3.717
247,"[371, 405]",4.064
247,"[267, 425]",4.41
247,"[266, 377]",10
247,"[266, 400]",10
248,"[266, 360]",0.014
248,"[266, 434]",0.074
248,"[266, 371]",0.074
248,"[91, 315]",0.082
248,"[266, 294]",0.095
248,"[266, 402]",0.099
248,"[209, 266]",0.113
248,"[266, 267]",0.115
248,"[204, 266]",0.154
248,"[266, 370]",0.182
248,"[266, 355]",0.189
248,"[266, 382]",0.224
248,"[266, 385]",0.23
248,"[266, 413]",0.247
248,"[266, 383]",0.255
248,"[266, 292]",0.257
248,"[266, 298]",0.492
248,"[119, 266]",1.926
248,"[33, 266]",1.983
248,"[36, 266]",2.119
248,"[92, 383]",2.384
248,"[63, 236]",2.822
248,"[172, 383]",2.904
248,"[228, 266]",2.946
248,"[45, 266]",3.045
248,"[164, 267]",3.09
248,"[203, 371]",3.098
248,"[266, 347]",3.236
248,"[266, 425]",3.354
248,"[209, 396]",3.417
248,"[377, 383]",3.821
248,"[211, 383]",10
249,"[266, 360]",0.014
249,"[266, 434]",0.074
249,"[266, 371]",0.074
249,"[91, 315]",0.082
249,"[266, 294]",0.095
249,"[266, 402]",0.099
249,"[209, 266]",0.113
249,"[266, 267]",0.115
249,"[204, 266]",0.154
249,"[266, 370]",0.182
249,"[266, 355]",0.189
249,"[266, 382]",0.224
249,"[266, 385]",0.23
249,"[266, 413]",0.247
249,"[266, 383]",0.255
249,"[266, 292]",0.257
249,"[33, 267]",2.137
249,"[63, 298]",2.294
249,"[203, 434]",2.295
249,"[266, 289]",2.388
249,"[92, 292]",2.531
249,"[81, 266]",2.663
249,"[206, 347]",2.683
249,"[261, 396]",2.973
249,"[266, 266]",3.19
249,"[266, 425]",3.354
249,"[36, 336]",3.447
249,"[119, 413]",3.693
249,"[209, 371]",3.753
249,"[173, 425]",3.886
249,"[38, 209]",4.01
249,"[266, 334]",10
250,"[266, 360]",0.014
250,"[266, 434]",0.074
250,"[266, 371]",0.074
250,"[91, 315]",0.082
250,"[266, 294]",0.095
250,"[266, 402]",0.099
250,"[209, 266]",0.113
250,"[266, 267]",0.115
250,"[204, 266]",0.154
250,"[266, 370]",0.182
250,"[266, 355]",0.189
250,"[266, 382]",0.224
250,"[266, 385]",0.23
250,"[266, 413]",0.247
250,"[266, 383]",0.255
250,"[266, 292]",0.257
250,"[266, 315]",1.951
250,"[93, 266]",2.075
250,"[139, 355]",2.154
250,"[315, 370]",2.22
250,"[55, 360]",2.455
250,"[33, 169]",2.637
250,"[209, 298]",2.653
250,"[63, 354]",2.662
250,"[355, 435]",2.699
250,"[0, 266]",3.035
250,"[266, 438]",3.086
250,"[266, 266]",3.19
250,"[266, 425]",3.354
250,"[28, 382]",4.019
250,"[209, 425]",4.109
250,"[266, 334]",10
251,"[266, 360]",0.014
251,"[266, 434]",0.074
251,"[266, 371]",0.074
251,"[91, 315]",0.082
251,"[266, 294]",0.095
251,"[266, 402]",0.099
251,"[209, 266]",0.113
251,"[266, 267]",0.115
251,"[204, 266]",0.154
251,"[266, 370]",0.182
251,"[266, 355]",0.189
251,"[266, 382]",0.224
251,"[266, 385]",0.23
251,"[266, 413]",0.247
251,"[266, 383]",0.255
251,"[266, 292]",0.257
251,"[7, 266]",0.316
251,"[266, 315]",1.951
251,"[204, 354]",2.082
251,"[0, 84]",2.098
251,"[315, 437]",2.27
251,"[312, 385]",2.293
251,"[203, 267]",2.317
251,"[148, 266]",2.714
251,"[70, 354]",2.757
251,"[355, 433]",2.805
251,"[360, 395]",2.888
251,"[266, 299]",3.088
251,"[26, 292]",3.402
251,"[170, 355]",3.739
251,"[178, 266]",10
251,"[14, 266]",10
252,"[266, 360]",0.014
252,"[266, 434]",0.074
252,"[266, 371]",0.074
252,"[91, 315]",0.082
252,"[266, 294]",0.095
252,"[266, 402]",0.099
252,"[209, 266]",0.113
252,"[266, 267]",0.115
252,"[204, 266]",0.154
252,"[266, 370]",0.182
252,"[266, 355]",0.189
252,"[266, 382]",0.224
252,"[266, 385]",0.23
252,"[266, 413]",0.247
252,"[266, 383]",0.255
252,"[266, 292]",0.257
252,"[266, 354]",1.103
252,"[299, 323]",2.319
252,"[13, 266]",2.339
252,"[266, 389]",2.455
252,"[262, 354]",2.469
252,"[246, 360]",2.554
252,"[232, 433]",2.563
252,"[148, 355]",2.625
252,"[251, 266]",2.885
252,"[204, 395]",2.982
252,"[355, 399]",3.004
252,"[266, 395]",3.091
252,"[26, 267]",3.168
252,"[266, 266]",3.19
252,"[106, 434]",3.564
252,"[131, 266]",10
253,"[266, 360]",0.014
253,"[266, 434]",0.074
253,"[266, 371]",0.074
253,"[91, 315]",0.082
253,"[266, 294]",0.095
253,"[266, 402]",0.099
253,"[209, 266]",0.113
253,"[266, 267]",0.115
253,"[204, 266]",0.154
253,"[266, 370]",0.182
253,"[266, 355]",0.189
253,"[266, 382]",0.224
253,"[266, 385]",0.23
253,"[266, 413]",0.247
253,"[266, 383]",0.255
253,"[266, 292]",0.257
253,"[234, 266]",0.303
253,"[266, 354]",1.103
253,"[97, 131]",2.028
253,"[285, 360]",2.184
253,"[167, 266]",2.263
253,"[148, 434]",2.591
253,"[182, 292]",2.846
253,"[370, 379]",2.88
253,"[20, 266]",2.963
253,"[184, 355]",3.015
253,"[211, 266]",3.104
253,"[266, 406]",3.105
253,"[361, 413]",3.57
253,"[179, 383]",3.626
253,"[217, 413]",4.258
253,"[339, 371]",4.648
254,"[266, 360]",0.014
254,"[266, 434]",0.074
254,"[266, 371]",0.074
254,"[91, 315]",0.082
254,"[266, 294]",0.095
254,"[266, 402]",0.099
254,"[209, 266]",0.113
254,"[266, 267]",0.115
254,"[204, 266]",0.154
254,"[266, 370]",0.182
254,"[266, 355]",0.189
254,"[266, 382]",0.224
254,"[266, 385]",0.23
254,"[266, 413]",0.247
254,"[266, 383]",0.255
254,"[266, 292]",0.257
254,"[266, 421]",0.839
254,"[351, 406]",0.96
254,"[266, 282]",1.652
254,"[194, 266]",1.812
254,"[361, 434]",2.1
254,"[370, 402]",2.469
254,"[285, 371]",2.5
254,"[81, 266]",2.663
254,"[97, 360]",2.713
254,"[179, 349]",2.844
254,"[383, 443]",2.856
254,"[234, 328]",3.017
254,"[207, 266]",3.244
254,"[234, 280]",3.553
254,"[97, 224]",3.687
254,"[70, 211]",3.726
255,"[266, 360]",0.014
255,"[266, 440]",0.053
255,"[266, 434]",0.074
255,"[266, 371]",0.074
255,"[91, 315]",0.082
255,"[266, 294]",0.095
255,"[266, 402]",0.099
255,"[209, 266]",0.113
255,"[266, 267]",0.115
255,"[204, 266]",0.154
255,"[266, 370]",0.182
255,"[266, 355]",0.189
255,"[266, 382]",0.224
255,"[266, 385]",0.23
255,"[266, 413]",0.247
255,"[266, 383]",0.255
255,"[266, 292]",0.257
255,"[266, 443]",0.552
255,"[91, 421]",1.693
255,"[351, 421]",1.94
255,"[315, 336]",2.174
255,"[360, 364]",2.347
255,"[157, 282]",2.458
255,"[81, 354]",2.459
255,"[81, 292]",2.608
255,"[198, 355]",2.672
255,"[225, 370]",2.848
255,"[266, 384]",2.848
255,"[38, 266]",3.052
255,"[211, 266]",3.104
255,"[134, 360]",3.714
255,"[234, 341]",4.988
256,"[266, 360]",0.014
256,"[266, 440]",0.053
256,"[266, 434]",0.074
256,"[266, 371]",0.074
256,"[91, 315]",0.082
256,"[266, 294]",0.095
256,"[266, 402]",0.099
256,"[209, 266]",0.113
256,"[266, 267]",0.115
256,"[204, 266]",0.154
256,"[266, 370]",0.182
256,"[266, 355]",0.189
256,"[266, 382]",0.224
256,"[266, 385]",0.23
256,"[266, 413]",0.247
256,"[266, 383]",0.255
256,"[266, 292]",0.257
256,"[370, 421]",1.966
256,"[91, 385]",2.058
256,"[100, 355]",2.329
256,"[266, 284]",2.408
256,"[103, 266]",2.452
256,"[229, 234]",2.46
256,"[186, 351]",2.604
256,"[282, 384]",2.611
256,"[266, 415]",2.643
256,"[113, 234]",2.793
256,"[292, 440]",2.982
256,"[266, 266]",3.19
256,"[164, 234]",3.58
256,"[341, 360]",10
256,"[32, 266]",10
257,"[266, 360]",0.014
257,"[266, 440]",0.053
257,"[266, 434]",0.074
257,"[266, 371]",0.074
257,"[91, 315]",0.082
257,"[266, 294]",0.095
257,"[266, 402]",0.099
257,"[209, 266]",0.113
257,"[266, 267]",0.115
257,"[204, 266]",0.154
257,"[266, 370]",0.182
257,"[266, 355]",0.189
257,"[266, 382]",0.224
257,"[266, 385]",0.23
257,"[266, 413]",0.247
257,"[266, 383]",0.255
257,"[216, 266]",0.28
257,"[234, 266]",0.303
257,"[62, 266]",0.329
257,"[91, 119]",2.018
257,"[204, 367]",2.044
257,"[113, 354]",2.211
257,"[266, 415]",2.643
257,"[83, 266]",2.659
257,"[88, 266]",2.713
257,"[370, 382]",2.801
257,"[229, 383]",2.855
257,"[43, 382]",3.406
257,"[234, 355]",3.526
257,"[133, 341]",3.611
257,"[209, 355]",3.826
257,"[296, 341]",10
258,"[266, 360]",0.014
258,"[266, 440]",0.053
258,"[266, 434]",0.074
258,"[266, 371]",0.074
258,"[91, 315]",0.082
258,"[266, 294]",0.095
258,"[266, 402]",0.099
258,"[209, 266]",0.113
258,"[266, 267]",0.115
258,"[204, 266]",0.154
258,"[266, 370]",0.182
258,"[266, 355]",0.189
258,"[266, 382]",0.224
258,"[266, 385]",0.23
258,"[266, 413]",0.247
258,"[266, 383]",0.255
258,"[266, 333]",0.339
258,"[72, 209]",1.682
258,"[91, 355]",1.836
258,"[91, 267]",1.875
258,"[111, 415]",2.054
258,"[229, 434]",2.182
258,"[303, 355]",2.289
258,"[71, 385]",2.402
258,"[88, 402]",2.426
258,"[113, 220]",2.524
258,"[62, 364]",2.553
258,"[266, 415]",2.643
258,"[6, 355]",2.656
258,"[296, 440]",2.767
258,"[248, 367]",2.768
258,"[266, 266]",3.19
259,"[266, 360]",0.014
259,"[266, 440]",0.053
259,"[266, 434]",0.074
259,"[266, 371]",0.074
259,"[91, 315]",0.082
259,"[266, 294]",0.095
259,"[266, 402]",0.099
259,"[209, 266]",0.113
259,"[266, 267]",0.115
259,"[204, 266]",0.154
259,"[266, 370]",0.182
259,"[266, 355]",0.189
259,"[266, 382]",0.224
259,"[266, 385]",0.23
259,"[266, 413]",0.247
259,"[266, 383]",0.255
259,"[145, 266]",0.422
259,"[91, 267]",1.875
259,"[72, 123]",2.269
259,"[267, 275]",2.302
259,"[214, 360]",2.458
259,"[243, 333]",2.663
259,"[55, 266]",2.804
259,"[45, 266]",3.045
259,"[68, 266]",3.046
259,"[71, 440]",3.06
259,"[209, 415]",3.086
259,"[266, 266]",3.19
259,"[266, 316]",3.227
259,"[234, 355]",3.526
259,"[95, 315]",10
259,"[211, 413]",10
260,"[266, 360]",0.014
260,"[266, 440]",0.053
260,"[266, 434]",0.074
260,"[266, 371]",0.074
260,"[91, 315]",0.082
260,"[266, 294]",0.095
260,"[266, 402]",0.099
260,"[209, 266]",0.113
260,"[266, 267]",0.115
260,"[204, 266]",0.154
260,"[266, 370]",0.182
260,"[266, 355]",0.189
260,"[266, 382]",0.224
260,"[266, 385]",0.23
260,"[266, 413]",0.247
260,"[266, 383]",0.255
260,"[266, 275]",0.27
260,"[266, 287]",0.281
260,"[266, 333]",0.339
260,"[91, 326]",1.627
260,"[263, 402]",1.729
260,"[91, 333]",1.848
260,"[315, 340]",2.067
260,"[86, 315]",2.105
260,"[243, 385]",2.168
260,"[168, 266]",2.244
260,"[204, 294]",2.315
260,"[204, 382]",2.329
260,"[211, 293]",2.935
260,"[209, 385]",3.077
260,"[51, 266]",10
260,"[209, 413]",10
261,"[266, 360]",0.014
261,"[266, 440]",0.053
261,"[266, 434]",0.074
261,"[266, 371]",0.074
261,"[91, 315]",0.082
261,"[266, 294]",0.095
261,"[266, 402]",0.099
261,"[209, 266]",0.113
261,"[266, 267]",0.115
261,"[204, 266]",0.154
261,"[266, 370]",0.182
261,"[266, 355]",0.189
261,"[266, 382]",0.224
261,"[266, 385]",0.23
261,"[266, 413]",0.247
261,"[266, 383]",0.255
261,"[266, 275]",0.27
261,"[266, 315]",1.951
261,"[19, 263]",2.02
261,"[315, 387]",2.045
261,"[287, 361]",2.092
261,"[118, 266]",2.234
261,"[201, 370]",2.366
261,"[204, 355]",2.441
261,"[86, 355]",2.659
261,"[43, 266]",2.909
261,"[266, 326]",2.993
261,"[310, 402]",3.085
261,"[266, 266]",3.19
261,"[209, 355]",3.826
261,"[25, 413]",4.144
261,"[91, 341]",4.56
262,"[266, 360]",0.014
262,"[266, 440]",0.053
262,"[266, 434]",0.074
262,"[266, 371]",0.074
262,"[91, 315]",0.082
262,"[266, 294]",0.095
262,"[266, 402]",0.099
262,"[209, 266]",0.113
262,"[266, 267]",0.115
262,"[204, 266]",0.154
262,"[266, 370]",0.182
262,"[266, 355]",0.189
262,"[266, 382]",0.224
262,"[266, 385]",0.23
262,"[266, 413]",0.247
262,"[266, 383]",0.255
262,"[266, 436]",0.384
262,"[19, 266]",0.596
262,"[266, 361]",0.626
262,"[91, 326]",1.627
262,"[204, 315]",1.739
262,"[118, 275]",2.092
262,"[204, 434]",2.219
262,"[60, 201]",2.447
262,"[72, 266]",2.505
262,"[228, 266]",2.946
262,"[266, 329]",3.065
262,"[347, 360]",3.106
262,"[19, 200]",3.141
262,"[266, 266]",3.19
262,"[106, 310]",4.275
262,"[43, 341]",4.456
263,"[266, 360]",0.014
263,"[266, 440]",0.053
263,"[266, 434]",0.074
263,"[266, 371]",0.074
263,"[91, 315]",0.082
263,"[266, 294]",0.095
263,"[266, 402]",0.099
263,"[209, 266]",0.113
263,"[266, 267]",0.115
263,"[204, 266]",0.154
263,"[266, 370]",0.182
263,"[266, 355]",0.189
263,"[266, 382]",0.224
263,"[266, 385]",0.23
263,"[266, 413]",0.247
263,"[266, 383]",0.255
263,"[91, 187]",1.731
263,"[91, 174]",1.894
263,"[19, 315]",2.117
263,"[72, 382]",2.129
263,"[186, 204]",2.142
263,"[222, 266]",2.153
263,"[19, 271]",2.186
263,"[209, 398]",2.221
263,"[292, 361]",2.282
263,"[132, 204]",2.436
263,"[215, 266]",2.535
263,"[175, 266]",2.641
263,"[60, 326]",2.843
263,"[207, 402]",3.039
263,"[306, 382]",3.355
263,"[204, 413]",3.391
264,"[266, 360]",0.014
264,"[266, 440]",0.053
264,"[266, 434]",0.074
264,"[266, 371]",0.074
264,"[91, 315]",0.082
264,"[266, 294]",0.095
264,"[266, 402]",0.099
264,"[209, 266]",0.113
264,"[266, 267]",0.115
264,"[204, 266]",0.154
264,"[266, 370]",0.182
264,"[266, 355]",0.189
264,"[266, 382]",0.224
264,"[266, 385]",0.23
264,"[266, 413]",0.247
264,"[266, 383]",0.255
264,"[155, 266]",1.442
264,"[143, 204]",1.823
264,"[230, 266]",1.92
264,"[266, 315]",1.951
264,"[186, 315]",2.048
264,"[104, 266]",2.138
264,"[219, 440]",2.661
264,"[175, 382]",2.795
264,"[19, 382]",2.867
264,"[266, 266]",3.19
264,"[291, 294]",3.215
264,"[135, 175]",3.392
264,"[19, 299]",3.753
264,"[335, 382]",3.811
264,"[174, 186]",10
264,"[187, 266]",10
265,"[266, 360]",0.014
265,"[266, 440]",0.053
265,"[266, 434]",0.074
265,"[266, 371]",0.074
265,"[91, 315]",0.082
265,"[266, 294]",0.095
265,"[266, 402]",0.099
265,"[209, 266]",0.113
265,"[266, 267]",0.115
265,"[204, 266]",0.154
265,"[266, 370]",0.182
265,"[266, 355]",0.189
265,"[266, 382]",0.224
265,"[266, 385]",0.23
265,"[266, 413]",0.247
265,"[266, 383]",0.255
265,"[266, 335]",0.53
265,"[308, 315]",1.748
265,"[184, 266]",1.982
265,"[174, 175]",2.653
265,"[19, 402]",2.688
265,"[176, 266]",2.815
265,"[53, 294]",2.837
265,"[243, 383]",2.846
265,"[355, 366]",2.959
265,"[20, 266]",2.963
265,"[187, 252]",3.237
265,"[155, 385]",3.278
265,"[291, 382]",3.302
265,"[221, 382]",3.511
265,"[175, 383]",3.618
265,"[144, 383]",4.106
266,"[266, 360]",0.014
266,"[266, 440]",0.053
266,"[266, 434]",0.074
266,"[266, 371]",0.074
266,"[91, 315]",0.082
266,"[266, 294]",0.095
266,"[266, 402]",0.099
266,"[209, 266]",0.113
266,"[266, 267]",0.115
266,"[204, 266]",0.154
266,"[266, 370]",0.182
266,"[266, 355]",0.189
266,"[266, 382]",0.224
266,"[266, 385]",0.23
266,"[266, 413]",0.247
266,"[266, 383]",0.255
266,"[266, 350]",0.507
266,"[238, 266]",0.666
266,"[189, 266]",1.647
266,"[91, 335]",1.844
266,"[313, 434]",2.22
266,"[187, 393]",2.301
266,"[243, 267]",2.347
266,"[184, 360]",2.43
266,"[184, 364]",2.544
266,"[6, 355]",2.656
266,"[151, 370]",2.863
266,"[204, 383]",2.868
266,"[221, 402]",2.919
266,"[144, 195]",2.967
266,"[60, 252]",3.119
266,"[184, 193]",3.802
267,"[266, 360]",0.014
267,"[266, 440]",0.053
267,"[266, 434]",0.074
267,"[266, 371]",0.074
267,"[91, 315]",0.082
267,"[266, 294]",0.095
267,"[266, 402]",0.099
267,"[209, 266]",0.113
267,"[266, 267]",0.115
267,"[204, 266]",0.154
267,"[266, 370]",0.182
267,"[266, 355]",0.189
267,"[266, 382]",0.224
267,"[266, 385]",0.23
267,"[266, 413]",0.247
267,"[266, 383]",0.255
267,"[46, 266]",1.411
267,"[91, 393]",1.949
267,"[266, 315]",1.951
267,"[335, 443]",1.978
267,"[17, 266]",2.05
267,"[72, 184]",2.097
267,"[122, 364]",2.125
267,"[141, 221]",2.181
267,"[243, 366]",2.237
267,"[6, 370]",2.5
267,"[176, 184]",2.608
267,"[195, 299]",2.77
267,"[94, 266]",3.056
267,"[266, 266]",3.19
267,"[221, 364]",3.295
267,"[209, 436]",3.487
268,"[266, 360]",0.014
268,"[266, 440]",0.053
268,"[266, 434]",0.074
268,"[266, 371]",0.074
268,"[91, 315]",0.082
268,"[266, 294]",0.095
268,"[266, 402]",0.099
268,"[209, 266]",0.113
268,"[266, 267]",0.115
268,"[204, 266]",0.154
268,"[266, 370]",0.182
268,"[266, 355]",0.189
268,"[266, 382]",0.224
268,"[266, 385]",0.23
268,"[266, 413]",0.247
268,"[266, 383]",0.255
268,"[266, 386]",0.282
268,"[195, 266]",1.151
268,"[72, 364]",1.893
268,"[184, 266]",1.982
268,"[122, 312]",2.048
268,"[91, 207]",2.3
268,"[12, 402]",2.355
268,"[21, 393]",2.484
268,"[141, 316]",2.615
268,"[266, 363]",2.698
268,"[176, 266]",2.815
268,"[294, 305]",2.816
268,"[266, 299]",3.088
268,"[107, 299]",3.826
268,"[221, 422]",3.95
268,"[141, 266]",10
269,"[266, 360]",0.014
269,"[266, 440]",0.053
269,"[266, 434]",0.074
269,"[266, 371]",0.074
269,"[91, 315]",0.082
269,"[266, 294]",0.095
269,"[266, 402]",0.099
269,"[209, 266]",0.113
269,"[266, 267]",0.115
269,"[204, 266]",0.154
269,"[266, 370]",0.182
269,"[266, 355]",0.189
269,"[266, 382]",0.224
269,"[266, 385]",0.23
269,"[266, 413]",0.247
269,"[266, 383]",0.255
269,"[234, 266]",0.303
269,"[266, 354]",1.103
269,"[177, 266]",1.87
269,"[180, 386]",2.29
269,"[97, 266]",2.383
269,"[360, 381]",2.387
269,"[195, 305]",2.446
269,"[184, 417]",2.49
269,"[113, 363]",2.585
269,"[279, 294]",2.942
269,"[266, 266]",3.19
269,"[227, 266]",3.205
269,"[207, 266]",3.244
269,"[117, 266]",10
269,"[41, 266]",10
269,"[242, 316]",10
270,"[266, 360]",0.014
270,"[266, 440]",0.053
270,"[266, 434]",0.074
270,"[266, 371]",0.074
270,"[91, 315]",0.082
270,"[266, 294]",0.095
270,"[266, 402]",0.099
270,"[209, 266]",0.113
270,"[266, 267]",0.115
270,"[204, 266]",0.154
270,"[266, 370]",0.182
270,"[266, 355]",0.189
270,"[266, 382]",0.224
270,"[266, 385]",0.23
270,"[266, 413]",0.247
270,"[266, 383]",0.255
270,"[266, 386]",0.282
270,"[157, 266]",2.18
270,"[113, 385]",2.204
270,"[360, 385]",2.308
270,"[117, 334]",2.311
270,"[275, 355]",2.431
270,"[177, 355]",2.496
270,"[172, 184]",2.57
270,"[97, 318]",2.581
270,"[266, 363]",2.698
270,"[242, 417]",2.953
270,"[266, 266]",3.19
270,"[64, 355]",3.215
270,"[32, 371]",3.489
270,"[266, 398]",10
270,"[160, 266]",10
271,"[266, 360]",0.014
271,"[266, 440]",0.053
271,"[266, 434]",0.074
271,"[266, 371]",0.074
271,"[91, 315]",0.082
271,"[266, 294]",0.095
271,"[266, 402]",0.099
271,"[209, 266]",0.113
271,"[266, 267]",0.115
271,"[204, 266]",0.154
271,"[266, 370]",0.182
271,"[266, 355]",0.189
271,"[266, 382]",0.224
271,"[266, 385]",0.23
271,"[266, 413]",0.247
271,"[266, 383]",0.255
271,"[266, 386]",0.282
271,"[378, 386]",1.894
271,"[32, 230]",1.995
271,"[355, 376]",2.297
271,"[113, 251]",2.325
271,"[210, 398]",2.329
271,"[326, 440]",2.458
271,"[157, 393]",2.515
271,"[82, 355]",2.676
271,"[266, 363]",2.698
271,"[57, 266]",2.773
271,"[197, 266]",2.948
271,"[64, 382]",3.335
271,"[209, 402]",3.404
271,"[177, 413]",3.678
271,"[209, 355]",3.826
272,"[266, 360]",0.014
272,"[266, 440]",0.053
272,"[266, 434]",0.074
272,"[266, 371]",0.074
272,"[91, 315]",0.082
272,"[266, 294]",0.095
272,"[266, 402]",0.099
272,"[209, 266]",0.113
272,"[266, 267]",0.115
272,"[204, 266]",0.154
272,"[266, 370]",0.182
272,"[266, 355]",0.189
272,"[266, 382]",0.224
272,"[266, 385]",0.23
272,"[266, 413]",0.247
272,"[266, 383]",0.255
272,"[266, 315]",1.951
272,"[113, 258]",2.054
272,"[91, 256]",2.205
272,"[376, 407]",2.274
272,"[177, 402]",2.363
272,"[360, 378]",2.467
272,"[393, 393]",2.573
272,"[266, 326]",2.993
272,"[210, 355]",3.343
272,"[355, 355]",3.391
272,"[266, 325]",3.569
272,"[1, 209]",3.615
272,"[209, 267]",3.619
272,"[273, 294]",3.867
272,"[266, 334]",10
272,"[266, 276]",10
273,"[266, 360]",0.014
273,"[266, 440]",0.053
273,"[266, 434]",0.074
273,"[266, 371]",0.074
273,"[91, 315]",0.082
273,"[266, 294]",0.095
273,"[266, 402]",0.099
273,"[209, 266]",0.113
273,"[266, 267]",0.115
273,"[204, 266]",0.154
273,"[266, 370]",0.182
273,"[266, 355]",0.189
273,"[266, 382]",0.224
273,"[266, 385]",0.23
273,"[266, 413]",0.247
273,"[266, 383]",0.255
273,"[266, 323]",0.386
273,"[266, 298]",0.492
273,"[91, 276]",1.282
273,"[70, 266]",1.979
273,"[35, 315]",2.124
273,"[15, 266]",2.179
273,"[315, 407]",2.288
273,"[209, 257]",2.638
273,"[99, 355]",2.684
273,"[209, 276]",2.817
273,"[245, 266]",2.884
273,"[266, 299]",3.088
273,"[258, 266]",3.109
273,"[266, 347]",3.236
273,"[209, 225]",3.986
273,"[315, 414]",10
274,"[266, 360]",0.014
274,"[266, 440]",0.053
274,"[266, 434]",0.074
274,"[266, 371]",0.074
274,"[91, 315]",0.082
274,"[266, 294]",0.095
274,"[266, 402]",0.099
274,"[209, 266]",0.113
274,"[266, 267]",0.115
274,"[204, 266]",0.154
274,"[266, 370]",0.182
274,"[266, 355]",0.189
274,"[266, 382]",0.224
274,"[266, 385]",0.23
274,"[266, 413]",0.247
274,"[266, 383]",0.255
274,"[238, 266]",0.666
274,"[209, 414]",0.84
274,"[225, 266]",1.831
274,"[70, 315]",2.077
274,"[39, 257]",2.122
274,"[30, 360]",2.142
274,"[315, 401]",2.192
274,"[15, 434]",2.511
274,"[160, 407]",2.533
274,"[70, 355]",2.906
274,"[294, 334]",3.008
274,"[20, 370]",3.015
274,"[266, 266]",3.19
274,"[262, 347]",3.394
274,"[162, 383]",4.008
274,"[266, 270]",10
275,"[266, 360]",0.014
275,"[266, 440]",0.053
275,"[266, 434]",0.074
275,"[266, 371]",0.074
275,"[91, 315]",0.082
275,"[266, 294]",0.095
275,"[266, 402]",0.099
275,"[209, 266]",0.113
275,"[266, 267]",0.115
275,"[204, 266]",0.154
275,"[266, 370]",0.182
275,"[266, 355]",0.189
275,"[266, 382]",0.224
275,"[266, 385]",0.23
275,"[266, 413]",0.247
275,"[266, 383]",0.255
275,"[266, 407]",0.673
275,"[234, 414]",1.103
275,"[95, 266]",1.298
275,"[204, 309]",2.062
275,"[258, 315]",2.165
275,"[294, 320]",2.183
275,"[204, 434]",2.219
275,"[39, 270]",2.221
275,"[262, 385]",2.411
275,"[89, 360]",2.427
275,"[294, 370]",2.602
275,"[81, 266]",2.663
275,"[238, 396]",3.016
275,"[272, 383]",3.898
275,"[208, 371]",4.182
275,"[266, 270]",10
276,"[266, 360]",0.014
276,"[266, 440]",0.053
276,"[266, 434]",0.074
276,"[266, 371]",0.074
276,"[91, 315]",0.082
276,"[266, 294]",0.095
276,"[266, 402]",0.099
276,"[209, 266]",0.113
276,"[266, 267]",0.115
276,"[204, 266]",0.154
276,"[266, 370]",0.182
276,"[266, 355]",0.189
276,"[266, 382]",0.224
276,"[266, 385]",0.23
276,"[266, 413]",0.247
276,"[266, 383]",0.255
276,"[266, 412]",0.548
276,"[266, 407]",0.673
276,"[294, 365]",1.481
276,"[266, 315]",1.951
276,"[165, 208]",1.966
276,"[195, 320]",2.136
276,"[39, 385]",2.202
276,"[178, 208]",2.263
276,"[92, 434]",2.313
276,"[204, 294]",2.315
276,"[81, 270]",2.485
276,"[204, 440]",2.539
276,"[81, 180]",2.766
276,"[110, 266]",2.949
276,"[159, 434]",3.202
276,"[414, 421]",10
277,"[266, 360]",0.014
277,"[266, 440]",0.053
277,"[266, 434]",0.074
277,"[266, 371]",0.074
277,"[91, 315]",0.082
277,"[266, 294]",0.095
277,"[266, 402]",0.099
277,"[209, 266]",0.113
277,"[266, 267]",0.115
277,"[204, 266]",0.154
277,"[266, 370]",0.182
277,"[266, 355]",0.189
277,"[266, 382]",0.224
277,"[266, 385]",0.23
277,"[266, 413]",0.247
277,"[266, 383]",0.255
277,"[266, 412]",0.548
277,"[274, 294]",2.161
277,"[204, 407]",2.258
277,"[419, 434]",2.313
277,"[92, 407]",2.405
277,"[353, 407]",2.697
277,"[110, 267]",2.727
277,"[81, 440]",2.829
277,"[266, 384]",2.848
277,"[159, 180]",3.046
277,"[35, 440]",3.107
277,"[266, 266]",3.19
277,"[81, 383]",3.355
277,"[315, 414]",10
277,"[266, 270]",10
277,"[266, 358]",10
278,"[266, 360]",0.014
278,"[266, 440]",0.053
278,"[266, 434]",0.074
278,"[266, 371]",0.074
278,"[91, 315]",0.082
278,"[266, 294]",0.095
278,"[266, 402]",0.099
278,"[209, 266]",0.113
278,"[266, 267]",0.115
278,"[204, 266]",0.154
278,"[266, 370]",0.182
278,"[266, 355]",0.189
278,"[266, 382]",0.224
278,"[266, 385]",0.23
278,"[266, 413]",0.247
278,"[266, 383]",0.255
278,"[266, 366]",0.88
278,"[217, 266]",1.51
278,"[91, 267]",1.875
278,"[209, 342]",2.117
278,"[111, 266]",2.154
278,"[204, 267]",2.274
278,"[233, 434]",2.351
278,"[270, 419]",2.366
278,"[110, 407]",2.517
278,"[110, 384]",2.77
278,"[204, 304]",3.017
278,"[70, 383]",3.067
278,"[20, 294]",3.126
278,"[181, 360]",3.235
278,"[69, 209]",3.629
278,"[35, 430]",4.126
279,"[266, 360]",0.014
279,"[266, 440]",0.053
279,"[266, 434]",0.074
279,"[266, 371]",0.074
279,"[91, 315]",0.082
279,"[266, 294]",0.095
279,"[266, 402]",0.099
279,"[209, 266]",0.113
279,"[266, 267]",0.115
279,"[204, 266]",0.154
279,"[266, 370]",0.182
279,"[266, 355]",0.189
279,"[266, 382]",0.224
279,"[266, 385]",0.23
279,"[266, 413]",0.247
279,"[266, 383]",0.255
279,"[121, 266]",1.082
279,"[69, 294]",1.482
279,"[91, 395]",2.179
279,"[110, 360]",2.39
279,"[204, 430]",2.544
279,"[110, 366]",2.635
279,"[304, 432]",2.787
279,"[176, 266]",2.815
279,"[169, 204]",2.901
279,"[20, 370]",3.015
279,"[94, 266]",3.056
279,"[209, 305]",3.1
279,"[209, 236]",3.626
279,"[70, 304]",3.632
279,"[110, 383]",3.697
279,"[5, 371]",10
280,"[266, 360]",0.014
280,"[266, 440]",0.053
280,"[266, 434]",0.074
280,"[266, 371]",0.074
280,"[91, 315]",0.082
280,"[266, 294]",0.095
280,"[266, 402]",0.099
280,"[209, 266]",0.113
280,"[266, 267]",0.115
280,"[204, 266]",0.154
280,"[266, 370]",0.182
280,"[266, 355]",0.189
280,"[266, 382]",0.224
280,"[266, 385]",0.23
280,"[266, 413]",0.247
280,"[266, 383]",0.255
280,"[266, 279]",0.533
280,"[44, 266]",1.894
280,"[206, 385]",2.157
280,"[110, 315]",2.185
280,"[304, 398]",2.529
280,"[7, 432]",2.544
280,"[266, 430]",2.59
280,"[277, 382]",2.906
280,"[204, 242]",2.936
280,"[94, 236]",3.171
280,"[347, 385]",3.252
280,"[368, 370]",3.278
280,"[157, 304]",3.352
280,"[5, 277]",3.389
280,"[70, 304]",3.632
280,"[266, 444]",10
281,"[266, 360]",0.014
281,"[266, 440]",0.053
281,"[266, 434]",0.074
281,"[266, 371]",0.074
281,"[91, 315]",0.082
281,"[266, 294]",0.095
281,"[266, 402]",0.099
281,"[209, 266]",0.113
281,"[266, 267]",0.115
281,"[204, 266]",0.154
281,"[266, 370]",0.182
281,"[266, 355]",0.189
281,"[266, 382]",0.224
281,"[266, 385]",0.23
281,"[266, 413]",0.247
281,"[266, 383]",0.255
281,"[89, 266]",0.57
281,"[104, 304]",1.346
281,"[382, 420]",2.09
281,"[284, 368]",2.535
281,"[206, 382]",2.617
281,"[105, 266]",2.637
281,"[176, 266]",2.815
281,"[266, 304]",2.867
281,"[279, 347]",3.142
281,"[260, 266]",3.163
281,"[347, 385]",3.252
281,"[237, 368]",3.668
281,"[94, 413]",4.332
281,"[5, 341]",10
281,"[266, 444]",10
281,"[266, 432]",10
282,"[266, 360]",0.014
282,"[266, 440]",0.053
282,"[266, 434]",0.074
282,"[266, 371]",0.074
282,"[91, 315]",0.082
282,"[266, 294]",0.095
282,"[266, 402]",0.099
282,"[209, 266]",0.113
282,"[266, 267]",0.115
282,"[204, 266]",0.154
282,"[266, 370]",0.182
282,"[266, 355]",0.189
282,"[266, 382]",0.224
282,"[266, 385]",0.23
282,"[266, 413]",0.247
282,"[266, 383]",0.255
282,"[206, 420]",2.099
282,"[37, 370]",2.141
282,"[93, 385]",2.263
282,"[237, 266]",2.28
282,"[67, 266]",2.422
282,"[266, 420]",2.477
282,"[246, 385]",2.589
282,"[192, 385]",2.59
282,"[237, 305]",2.856
282,"[266, 304]",2.867
282,"[266, 266]",3.19
282,"[375, 444]",3.282
282,"[377, 382]",3.521
282,"[209, 444]",3.641
282,"[135, 382]",3.687
282,"[94, 344]",3.783
283,"[266, 360]",0.014
283,"[266, 440]",0.053
283,"[266, 434]",0.074
283,"[266, 371]",0.074
283,"[91, 315]",0.082
283,"[131, 375]",0.082
283,"[266, 294]",0.095
283,"[266, 402]",0.099
283,"[209, 266]",0.113
283,"[266, 267]",0.115
283,"[204, 266]",0.154
283,"[266, 370]",0.182
283,"[266, 355]",0.189
283,"[266, 382]",0.224
283,"[266, 385]",0.23
283,"[266, 413]",0.247
283,"[266, 383]",0.255
283,"[266, 305]",0.642
283,"[237, 385]",1.495
283,"[122, 370]",2.124
283,"[206, 370]",2.195
283,"[375, 403]",2.347
283,"[324, 434]",2.651
283,"[47, 192]",2.892
283,"[26, 266]",3.044
283,"[182, 382]",3.089
283,"[237, 344]",3.187
283,"[266, 266]",3.19
283,"[266, 347]",3.236
283,"[266, 375]",3.422
283,"[43, 377]",3.995
283,"[228, 383]",4.082
284,"[266, 360]",0.014
284,"[266, 440]",0.053
284,"[266, 434]",0.074
284,"[266, 371]",0.074
284,"[91, 315]",0.082
284,"[131, 375]",0.082
284,"[266, 294]",0.095
284,"[266, 402]",0.099
284,"[209, 266]",0.113
284,"[266, 267]",0.115
284,"[204, 266]",0.154
284,"[266, 370]",0.182
284,"[266, 355]",0.189
284,"[266, 382]",0.224
284,"[266, 385]",0.23
284,"[266, 413]",0.247
284,"[237, 382]",1.466
284,"[91, 218]",2.049
284,"[131, 228]",2.124
284,"[264, 266]",2.444
284,"[72, 266]",2.505
284,"[192, 237]",2.662
284,"[182, 370]",2.675
284,"[375, 440]",2.736
284,"[324, 375]",2.738
284,"[182, 375]",2.788
284,"[0, 315]",2.972
284,"[266, 410]",2.997
284,"[209, 385]",3.077
284,"[266, 266]",3.19
284,"[345, 383]",3.267
284,"[266, 375]",3.422
285,"[266, 360]",0.014
285,"[266, 440]",0.053
285,"[266, 434]",0.074
285,"[266, 371]",0.074
285,"[91, 315]",0.082
285,"[131, 375]",0.082
285,"[266, 294]",0.095
285,"[266, 402]",0.099
285,"[209, 266]",0.113
285,"[266, 267]",0.115
285,"[204, 266]",0.154
285,"[266, 370]",0.182
285,"[266, 355]",0.189
285,"[266, 382]",0.224
285,"[266, 385]",0.23
285,"[266, 413]",0.247
285,"[72, 267]",2.058
285,"[91, 385]",2.058
285,"[315, 324]",2.139
285,"[44, 264]",2.181
285,"[318, 375]",2.241
285,"[153, 434]",2.377
285,"[281, 385]",2.416
285,"[210, 434]",2.703
285,"[129, 375]",2.728
285,"[176, 266]",2.815
285,"[174, 266]",2.844
285,"[266, 439]",3.012
285,"[182, 410]",3.027
285,"[28, 266]",3.045
285,"[78, 382]",3.529
285,"[51, 266]",10
286,"[266, 360]",0.014
286,"[266, 440]",0.053
286,"[266, 434]",0.074
286,"[266, 371]",0.074
286,"[91, 315]",0.082
286,"[131, 375]",0.082
286,"[266, 294]",0.095
286,"[266, 402]",0.099
286,"[209, 266]",0.113
286,"[266, 267]",0.115
286,"[204, 266]",0.154
286,"[266, 370]",0.182
286,"[266, 355]",0.189
286,"[266, 382]",0.224
286,"[266, 385]",0.23
286,"[266, 413]",0.247
286,"[266, 364]",0.272
286,"[266, 331]",0.359
286,"[230, 434]",1.79
286,"[33, 318]",2.09
286,"[264, 288]",2.16
286,"[98, 266]",2.217
286,"[87, 281]",2.791
286,"[281, 375]",2.792
286,"[267, 355]",2.796
286,"[338, 434]",2.824
286,"[129, 382]",2.84
286,"[28, 442]",2.86
286,"[133, 266]",3.102
286,"[176, 256]",3.409
286,"[266, 398]",10
286,"[91, 266]",10
287,"[266, 360]",0.014
287,"[266, 440]",0.053
287,"[266, 434]",0.074
287,"[266, 371]",0.074
287,"[91, 315]",0.082
287,"[131, 375]",0.082
287,"[266, 294]",0.095
287,"[266, 402]",0.099
287,"[209, 266]",0.113
287,"[266, 267]",0.115
287,"[204, 266]",0.154
287,"[266, 370]",0.182
287,"[266, 355]",0.189
287,"[266, 382]",0.224
287,"[266, 385]",0.23
287,"[266, 413]",0.247
287,"[266, 331]",0.359
287,"[266, 350]",0.507
287,"[33, 333]",2.084
287,"[33, 294]",2.158
287,"[267, 318]",2.241
287,"[194, 338]",2.247
287,"[6, 434]",2.47
287,"[266, 394]",2.606
287,"[361, 398]",2.687
287,"[266, 288]",2.797
287,"[182, 355]",2.971
287,"[256, 266]",3.117
287,"[266, 266]",3.19
287,"[278, 385]",3.195
287,"[16, 434]",3.67
287,"[161, 266]",10
288,"[266, 360]",0.014
288,"[266, 440]",0.053
288,"[266, 434]",0.074
288,"[266, 371]",0.074
288,"[91, 315]",0.082
288,"[131, 375]",0.082
288,"[266, 294]",0.095
288,"[266, 402]",0.099
288,"[209, 266]",0.113
288,"[266, 267]",0.115
288,"[204, 266]",0.154
288,"[266, 370]",0.182
288,"[266, 355]",0.189
288,"[266, 382]",0.224
288,"[266, 385]",0.23
288,"[266, 413]",0.247
288,"[266, 318]",0.329
288,"[266, 421]",0.839
288,"[250, 266]",2.123
288,"[314, 394]",2.123
288,"[13, 402]",2.181
288,"[278, 288]",2.375
288,"[37, 398]",2.459
288,"[248, 382]",2.644
288,"[35, 360]",2.69
288,"[182, 440]",2.781
288,"[266, 300]",2.993
288,"[266, 266]",3.19
288,"[209, 331]",3.206
288,"[266, 296]",3.223
288,"[137, 434]",3.616
288,"[35, 266]",10
289,"[266, 360]",0.014
289,"[266, 440]",0.053
289,"[266, 434]",0.074
289,"[266, 371]",0.074
289,"[91, 315]",0.082
289,"[131, 375]",0.082
289,"[266, 294]",0.095
289,"[266, 402]",0.099
289,"[209, 266]",0.113
289,"[266, 267]",0.115
289,"[204, 266]",0.154
289,"[266, 370]",0.182
289,"[266, 355]",0.189
289,"[266, 382]",0.224
289,"[266, 385]",0.23
289,"[266, 413]",0.247
289,"[143, 266]",0.893
289,"[323, 402]",2.001
289,"[37, 434]",2.102
289,"[314, 385]",2.161
289,"[13, 318]",2.182
289,"[398, 421]",2.261
289,"[314, 323]",2.314
289,"[440, 442]",2.503
289,"[371, 417]",2.821
289,"[192, 300]",2.865
289,"[182, 355]",2.971
289,"[182, 398]",3.228
289,"[137, 402]",3.231
289,"[13, 341]",3.272
289,"[137, 191]",4.115
289,"[266, 398]",10
290,"[266, 360]",0.014
290,"[266, 440]",0.053
290,"[266, 434]",0.074
290,"[266, 371]",0.074
290,"[91, 315]",0.082
290,"[131, 375]",0.082
290,"[266, 294]",0.095
290,"[266, 402]",0.099
290,"[209, 266]",0.113
290,"[266, 267]",0.115
290,"[204, 266]",0.154
290,"[266, 370]",0.182
290,"[266, 355]",0.189
290,"[266, 382]",0.224
290,"[266, 385]",0.23
290,"[266, 413]",0.247
290,"[266, 318]",0.329
290,"[266, 424]",0.329
290,"[266, 323]",0.386
290,"[131, 137]",2.013
290,"[236, 315]",2.094
290,"[13, 42]",2.261
290,"[335, 370]",2.273
290,"[6, 442]",2.325
290,"[143, 367]",2.476
290,"[192, 371]",3.114
290,"[266, 266]",3.19
290,"[137, 417]",3.305
290,"[398, 412]",3.354
290,"[191, 355]",3.543
290,"[16, 294]",4.372
290,"[137, 375]",4.556
291,"[266, 360]",0.014
291,"[266, 440]",0.053
291,"[266, 434]",0.074
291,"[266, 371]",0.074
291,"[91, 315]",0.082
291,"[131, 375]",0.082
291,"[266, 294]",0.095
291,"[266, 402]",0.099
291,"[209, 266]",0.113
291,"[266, 267]",0.115
291,"[204, 266]",0.154
291,"[266, 370]",0.182
291,"[266, 355]",0.189
291,"[266, 382]",0.224
291,"[266, 385]",0.23
291,"[266, 413]",0.247
291,"[266, 412]",0.548
291,"[46, 266]",1.411
291,"[266, 391]",1.521
291,"[169, 367]",1.672
291,"[131, 252]",1.763
291,"[266, 315]",1.951
291,"[13, 30]",2.072
291,"[204, 355]",2.441
291,"[266, 367]",2.733
291,"[315, 427]",2.773
291,"[193, 266]",3.022
291,"[242, 367]",3.156
291,"[266, 266]",3.19
291,"[137, 251]",3.458
291,"[16, 417]",3.546
291,"[137, 413]",4.207
292,"[266, 360]",0.014
292,"[266, 440]",0.053
292,"[266, 434]",0.074
292,"[266, 371]",0.074
292,"[91, 315]",0.082
292,"[131, 375]",0.082
292,"[266, 294]",0.095
292,"[266, 402]",0.099
292,"[209, 266]",0.113
292,"[266, 267]",0.115
292,"[204, 266]",0.154
292,"[266, 370]",0.182
292,"[266, 355]",0.189
292,"[266, 382]",0.224
292,"[266, 385]",0.23
292,"[266, 413]",0.247
292,"[13, 427]",1.585
292,"[315, 402]",1.75
292,"[266, 315]",1.951
292,"[203, 266]",1.999
292,"[162, 266]",2.322
292,"[12, 360]",2.372
292,"[236, 266]",2.514
292,"[266, 367]",2.733
292,"[384, 402]",2.833
292,"[251, 266]",2.885
292,"[209, 329]",3.117
292,"[152, 266]",3.148
292,"[266, 266]",3.19
292,"[137, 385]",3.218
292,"[16, 370]",3.854
292,"[147, 413]",4.753
293,"[266, 360]",0.014
293,"[266, 440]",0.053
293,"[266, 434]",0.074
293,"[266, 371]",0.074
293,"[91, 315]",0.082
293,"[131, 375]",0.082
293,"[266, 294]",0.095
293,"[266, 402]",0.099
293,"[209, 266]",0.113
293,"[266, 267]",0.115
293,"[204, 266]",0.154
293,"[266, 370]",0.182
293,"[266, 355]",0.189
293,"[266, 382]",0.224
293,"[266, 385]",0.23
293,"[266, 413]",0.247
293,"[266, 322]",0.483
293,"[27, 384]",1.275
293,"[156, 266]",1.963
293,"[162, 315]",2.051
293,"[13, 402]",2.181
293,"[135, 147]",2.282
293,"[203, 434]",2.295
293,"[12, 408]",2.489
293,"[315, 397]",2.511
293,"[236, 266]",2.514
293,"[147, 304]",2.684
293,"[154, 266]",2.891
293,"[204, 413]",3.391
293,"[355, 368]",3.811
293,"[131, 413]",4.543
293,"[40, 266]",10
294,"[266, 360]",0.014
294,"[266, 440]",0.053
294,"[266, 434]",0.074
294,"[266, 371]",0.074
294,"[91, 315]",0.082
294,"[131, 375]",0.082
294,"[266, 294]",0.095
294,"[266, 402]",0.099
294,"[209, 266]",0.113
294,"[266, 267]",0.115
294,"[204, 266]",0.154
294,"[266, 370]",0.182
294,"[266, 355]",0.189
294,"[266, 382]",0.224
294,"[266, 385]",0.23
294,"[266, 413]",0.247
294,"[266, 428]",0.558
294,"[27, 109]",1.031
294,"[147, 266]",1.147
294,"[203, 266]",1.999
294,"[204, 354]",2.082
294,"[147, 385]",2.101
294,"[91, 364]",2.103
294,"[315, 434]",2.189
294,"[13, 385]",2.236
294,"[194, 236]",2.313
294,"[411, 434]",2.629
294,"[203, 368]",2.638
294,"[266, 266]",3.19
294,"[221, 266]",3.222
294,"[315, 365]",3.463
294,"[368, 388]",3.642
295,"[266, 360]",0.014
295,"[266, 440]",0.053
295,"[266, 434]",0.074
295,"[266, 371]",0.074
295,"[91, 315]",0.082
295,"[131, 375]",0.082
295,"[266, 294]",0.095
295,"[266, 402]",0.099
295,"[209, 266]",0.113
295,"[266, 267]",0.115
295,"[204, 266]",0.154
295,"[266, 370]",0.182
295,"[266, 355]",0.189
295,"[266, 382]",0.224
295,"[266, 385]",0.23
295,"[266, 413]",0.247
295,"[46, 402]",2.168
295,"[81, 194]",2.237
295,"[13, 364]",2.244
295,"[203, 434]",2.295
295,"[121, 294]",2.299
295,"[15, 434]",2.511
295,"[194, 211]",2.602
295,"[84, 382]",2.615
295,"[214, 434]",2.695
295,"[266, 368]",3.051
295,"[276, 385]",3.093
295,"[364, 368]",3.42
295,"[221, 382]",3.511
295,"[262, 368]",3.671
295,"[67, 371]",3.817
295,"[209, 413]",10
296,"[266, 360]",0.014
296,"[266, 440]",0.053
296,"[266, 434]",0.074
296,"[266, 371]",0.074
296,"[91, 315]",0.082
296,"[131, 375]",0.082
296,"[266, 294]",0.095
296,"[266, 402]",0.099
296,"[209, 266]",0.113
296,"[266, 267]",0.115
296,"[204, 266]",0.154
296,"[266, 370]",0.182
296,"[266, 355]",0.189
296,"[266, 382]",0.224
296,"[266, 385]",0.23
296,"[266, 413]",0.247
296,"[276, 323]",1.859
296,"[368, 431]",2.061
296,"[33, 84]",2.119
296,"[17, 267]",2.251
296,"[84, 266]",2.27
296,"[13, 355]",2.332
296,"[194, 294]",2.43
296,"[382, 417]",2.506
296,"[194, 209]",2.618
296,"[59, 364]",2.77
296,"[41, 382]",2.887
296,"[221, 402]",2.919
296,"[266, 329]",3.065
296,"[276, 434]",3.467
296,"[38, 67]",3.665
296,"[368, 389]",3.812
297,"[266, 360]",0.014
297,"[266, 440]",0.053
297,"[266, 434]",0.074
297,"[266, 371]",0.074
297,"[91, 315]",0.082
297,"[131, 375]",0.082
297,"[266, 294]",0.095
297,"[266, 402]",0.099
297,"[209, 266]",0.113
297,"[266, 267]",0.115
297,"[204, 266]",0.154
297,"[266, 370]",0.182
297,"[266, 355]",0.189
297,"[266, 382]",0.224
297,"[266, 385]",0.23
297,"[266, 413]",0.247
297,"[216, 266]",0.28
297,"[266, 315]",1.951
297,"[315, 366]",2.172
297,"[289, 434]",2.196
297,"[55, 194]",2.28
297,"[91, 134]",2.447
297,"[250, 434]",2.701
297,"[266, 290]",2.744
297,"[137, 276]",2.821
297,"[59, 267]",2.956
297,"[109, 267]",3.015
297,"[59, 415]",3.164
297,"[204, 413]",3.391
297,"[209, 267]",3.619
297,"[38, 444]",3.82
297,"[131, 266]",10
298,"[266, 360]",0.014
298,"[266, 440]",0.053
298,"[266, 434]",0.074
298,"[266, 371]",0.074
298,"[91, 315]",0.082
298,"[131, 375]",0.082
298,"[266, 294]",0.095
298,"[266, 402]",0.099
298,"[209, 266]",0.113
298,"[266, 267]",0.115
298,"[204, 266]",0.154
298,"[266, 370]",0.182
298,"[266, 355]",0.189
298,"[266, 382]",0.224
298,"[266, 385]",0.23
298,"[266, 413]",0.247
298,"[59, 266]",1.444
298,"[267, 308]",2.139
298,"[204, 375]",2.223
298,"[204, 267]",2.274
298,"[204, 292]",2.381
298,"[267, 324]",2.392
298,"[137, 285]",2.502
298,"[194, 349]",2.692
298,"[371, 402]",2.816
298,"[59, 86]",2.881
298,"[59, 290]",3.145
298,"[209, 231]",3.207
298,"[38, 440]",3.35
298,"[266, 375]",3.422
298,"[19, 38]",3.751
298,"[263, 266]",10
299,"[266, 360]",0.014
299,"[266, 440]",0.053
299,"[266, 434]",0.074
299,"[266, 371]",0.074
299,"[91, 315]",0.082
299,"[131, 375]",0.082
299,"[266, 294]",0.095
299,"[266, 402]",0.099
299,"[209, 266]",0.113
299,"[266, 267]",0.115
299,"[204, 266]",0.154
299,"[266, 370]",0.182
299,"[266, 355]",0.189
299,"[266, 382]",0.224
299,"[266, 385]",0.23
299,"[266, 413]",0.247
299,"[190, 266]",0.382
299,"[139, 266]",1.326
299,"[59, 266]",1.444
299,"[204, 409]",2.06
299,"[285, 364]",2.158
299,"[167, 266]",2.263
299,"[127, 434]",2.578
299,"[225, 385]",2.647
299,"[77, 204]",2.82
299,"[204, 349]",2.847
299,"[59, 294]",3.023
299,"[38, 266]",3.052
299,"[137, 440]",3.405
299,"[333, 371]",3.56
299,"[38, 261]",4.251
299,"[32, 315]",10
300,"[266, 360]",0.014
300,"[266, 440]",0.053
300,"[266, 434]",0.074
300,"[266, 371]",0.074
300,"[91, 315]",0.082
300,"[131, 375]",0.082
300,"[266, 294]",0.095
300,"[266, 402]",0.099
300,"[209, 266]",0.113
300,"[266, 267]",0.115
300,"[204, 266]",0.154
300,"[266, 370]",0.182
300,"[266, 355]",0.189
300,"[266, 382]",0.224
300,"[266, 385]",0.23
300,"[266, 413]",0.247
300,"[266, 333]",0.339
300,"[182, 266]",0.769
300,"[266, 354]",1.103
300,"[294, 427]",1.555
300,"[254, 266]",1.676
300,"[131, 233]",1.871
300,"[88, 204]",2.143
300,"[325, 440]",2.313
300,"[32, 402]",2.864
300,"[38, 360]",3.012
300,"[266, 266]",3.19
300,"[221, 266]",3.222
300,"[89, 371]",3.386
300,"[193, 333]",3.7
300,"[252, 261]",3.727
300,"[266, 429]",10
301,"[266, 360]",0.014
301,"[266, 440]",0.053
301,"[266, 434]",0.074
301,"[266, 371]",0.074
301,"[91, 315]",0.082
301,"[131, 375]",0.082
301,"[266, 294]",0.095
301,"[266, 402]",0.099
301,"[209, 266]",0.113
301,"[266, 267]",0.115
301,"[204, 266]",0.154
301,"[266, 370]",0.182
301,"[266, 355]",0.189
301,"[266, 382]",0.224
301,"[266, 385]",0.23
301,"[266, 413]",0.247
301,"[266, 354]",1.103
301,"[266, 403]",1.33
301,"[203, 266]",1.999
301,"[91, 238]",2.046
301,"[32, 96]",2.12
301,"[35, 315]",2.124
301,"[38, 131]",2.173
301,"[325, 342]",2.363
301,"[204, 254]",2.429
301,"[45, 266]",3.045
301,"[294, 382]",3.115
301,"[88, 209]",3.173
301,"[266, 266]",3.19
301,"[181, 375]",4.087
301,"[32, 315]",10
301,"[32, 266]",10
302,"[266, 360]",0.014
302,"[266, 440]",0.053
302,"[266, 434]",0.074
302,"[266, 371]",0.074
302,"[91, 315]",0.082
302,"[131, 375]",0.082
302,"[266, 294]",0.095
302,"[266, 402]",0.099
302,"[209, 266]",0.113
302,"[266, 267]",0.115
302,"[204, 266]",0.154
302,"[266, 370]",0.182
302,"[266, 355]",0.189
302,"[266, 382]",0.224
302,"[266, 385]",0.23
302,"[266, 413]",0.247
302,"[352, 385]",1.682
302,"[233, 266]",1.902
302,"[258, 403]",1.905
302,"[420, 434]",2.031
302,"[204, 206]",2.097
302,"[253, 315]",2.163
302,"[315, 336]",2.174
302,"[162, 266]",2.322
302,"[325, 429]",2.534
302,"[166, 294]",2.674
302,"[45, 151]",2.897
302,"[38, 266]",3.052
302,"[266, 266]",3.19
302,"[181, 371]",3.699
302,"[325, 341]",3.857
302,"[209, 413]",10
303,"[266, 360]",0.014
303,"[266, 440]",0.053
303,"[266, 434]",0.074
303,"[266, 371]",0.074
303,"[91, 315]",0.082
303,"[131, 375]",0.082
303,"[266, 294]",0.095
303,"[266, 402]",0.099
303,"[209, 266]",0.113
303,"[266, 267]",0.115
303,"[204, 266]",0.154
303,"[266, 370]",0.182
303,"[266, 355]",0.189
303,"[266, 382]",0.224
303,"[266, 385]",0.23
303,"[266, 413]",0.247
303,"[181, 266]",0.44
303,"[41, 267]",1.413
303,"[91, 369]",1.609
303,"[100, 420]",2.117
303,"[22, 151]",2.236
303,"[325, 440]",2.313
303,"[158, 266]",2.403
303,"[138, 266]",2.447
303,"[147, 336]",2.616
303,"[294, 325]",2.777
303,"[206, 426]",2.798
303,"[151, 266]",2.96
303,"[283, 434]",2.978
303,"[266, 349]",3.109
303,"[267, 346]",3.271
303,"[38, 294]",4.461
304,"[266, 360]",0.014
304,"[266, 440]",0.053
304,"[266, 434]",0.074
304,"[266, 371]",0.074
304,"[91, 315]",0.082
304,"[131, 375]",0.082
304,"[266, 294]",0.095
304,"[266, 402]",0.099
304,"[209, 266]",0.113
304,"[266, 267]",0.115
304,"[204, 266]",0.154
304,"[266, 370]",0.182
304,"[266, 355]",0.189
304,"[266, 382]",0.224
304,"[266, 385]",0.23
304,"[266, 413]",0.247
304,"[22, 181]",0.651
304,"[41, 151]",1.424
304,"[257, 266]",1.946
304,"[266, 353]",2.113
304,"[147, 267]",2.121
304,"[415, 420]",2.173
304,"[91, 283]",2.324
304,"[22, 402]",2.327
304,"[266, 420]",2.477
304,"[184, 325]",2.693
304,"[266, 369]",3.165
304,"[168, 346]",3.227
304,"[426, 434]",3.287
304,"[283, 382]",3.519
304,"[209, 225]",3.986
304,"[133, 346]",4.099
305,"[266, 360]",0.014
305,"[266, 440]",0.053
305,"[266, 434]",0.074
305,"[266, 371]",0.074
305,"[91, 315]",0.082
305,"[131, 375]",0.082
305,"[266, 294]",0.095
305,"[266, 402]",0.099
305,"[209, 266]",0.113
305,"[266, 267]",0.115
305,"[204, 266]",0.154
305,"[266, 370]",0.182
305,"[266, 355]",0.189
305,"[266, 382]",0.224
305,"[266, 385]",0.23
305,"[266, 413]",0.247
305,"[266, 279]",0.533
305,"[91, 267]",1.875
305,"[91, 420]",2.076
305,"[289, 294]",2.232
305,"[172, 382]",2.321
305,"[426, 427]",2.795
305,"[283, 360]",2.863
305,"[151, 330]",2.905
305,"[151, 360]",2.94
305,"[262, 440]",2.942
305,"[266, 438]",3.086
305,"[211, 266]",3.104
305,"[266, 266]",3.19
305,"[105, 225]",3.964
305,"[382, 395]",4.333
305,"[91, 266]",10
306,"[266, 360]",0.014
306,"[266, 440]",0.053
306,"[266, 434]",0.074
306,"[266, 371]",0.074
306,"[91, 315]",0.082
306,"[131, 375]",0.082
306,"[266, 294]",0.095
306,"[266, 402]",0.099
306,"[209, 266]",0.113
306,"[266, 267]",0.115
306,"[204, 266]",0.154
306,"[266, 370]",0.182
306,"[266, 355]",0.189
306,"[266, 382]",0.224
306,"[266, 385]",0.23
306,"[266, 413]",0.247
306,"[266, 443]",0.552
306,"[91, 385]",2.058
306,"[15, 420]",2.081
306,"[91, 94]",2.156
306,"[172, 212]",2.267
306,"[163, 266]",2.472
306,"[266, 420]",2.477
306,"[204, 225]",2.623
306,"[213, 266]",2.718
306,"[266, 384]",2.848
306,"[289, 413]",2.865
306,"[151, 438]",2.885
306,"[375, 426]",3.234
306,"[94, 382]",3.298
306,"[151, 305]",3.445
306,"[23, 266]",3.718
307,"[266, 360]",0.014
307,"[30, 266]",0.05
307,"[266, 440]",0.053
307,"[266, 434]",0.074
307,"[266, 371]",0.074
307,"[91, 315]",0.082
307,"[131, 375]",0.082
307,"[266, 294]",0.095
307,"[266, 402]",0.099
307,"[209, 266]",0.113
307,"[266, 267]",0.115
307,"[204, 266]",0.154
307,"[266, 370]",0.182
307,"[266, 355]",0.189
307,"[266, 382]",0.224
307,"[266, 385]",0.23
307,"[266, 413]",0.247
307,"[266, 305]",0.642
307,"[266, 315]",1.951
307,"[315, 362]",2.148
307,"[384, 431]",2.279
307,"[204, 340]",2.558
307,"[80, 266]",2.56
307,"[23, 381]",2.692
307,"[178, 360]",2.768
307,"[266, 384]",2.848
307,"[266, 410]",2.997
307,"[94, 294]",3.107
307,"[225, 375]",3.36
307,"[266, 426]",3.48
307,"[94, 413]",4.332
307,"[134, 413]",10
308,"[266, 360]",0.014
308,"[30, 266]",0.05
308,"[266, 440]",0.053
308,"[266, 434]",0.074
308,"[266, 371]",0.074
308,"[91, 315]",0.082
308,"[131, 375]",0.082
308,"[266, 294]",0.095
308,"[266, 402]",0.099
308,"[209, 266]",0.113
308,"[266, 267]",0.115
308,"[204, 266]",0.154
308,"[266, 370]",0.182
308,"[266, 355]",0.189
308,"[266, 382]",0.224
308,"[266, 385]",0.23
308,"[266, 413]",0.247
308,"[315, 421]",0.485
308,"[266, 278]",0.487
308,"[91, 415]",2.024
308,"[92, 266]",2.519
308,"[129, 384]",2.67
308,"[367, 384]",2.789
308,"[5, 266]",2.952
308,"[56, 266]",3.048
308,"[133, 266]",3.102
308,"[314, 413]",3.184
308,"[266, 266]",3.19
308,"[221, 266]",3.222
308,"[266, 375]",3.422
308,"[90, 413]",4.32
308,"[266, 431]",10
309,"[266, 360]",0.014
309,"[30, 266]",0.05
309,"[266, 440]",0.053
309,"[266, 434]",0.074
309,"[266, 371]",0.074
309,"[91, 315]",0.082
309,"[131, 375]",0.082
309,"[266, 294]",0.095
309,"[266, 402]",0.099
309,"[209, 266]",0.113
309,"[266, 267]",0.115
309,"[204, 266]",0.154
309,"[266, 370]",0.182
309,"[266, 355]",0.189
309,"[266, 382]",0.224
309,"[266, 385]",0.23
309,"[266, 298]",0.492
309,"[266, 308]",1.478
309,"[294, 315]",2.15
309,"[84, 266]",2.27
309,"[417, 434]",2.332
309,"[272, 360]",2.496
309,"[49, 267]",2.714
309,"[277, 415]",2.912
309,"[49, 266]",2.953
309,"[266, 439]",3.012
309,"[1, 221]",3.165
309,"[266, 266]",3.19
309,"[209, 402]",3.404
309,"[78, 355]",3.78
309,"[48, 382]",3.846
309,"[278, 368]",4.111
310,"[266, 360]",0.014
310,"[30, 266]",0.05
310,"[266, 440]",0.053
310,"[266, 434]",0.074
310,"[266, 371]",0.074
310,"[91, 315]",0.082
310,"[131, 375]",0.082
310,"[266, 294]",0.095
310,"[266, 402]",0.099
310,"[209, 266]",0.113
310,"[266, 267]",0.115
310,"[204, 266]",0.154
310,"[266, 370]",0.182
310,"[266, 355]",0.189
310,"[266, 382]",0.224
310,"[266, 385]",0.23
310,"[62, 266]",0.329
310,"[266, 323]",0.386
310,"[48, 131]",1.534
310,"[131, 360]",2.044
310,"[157, 266]",2.18
310,"[204, 407]",2.258
310,"[10, 402]",2.436
310,"[178, 382]",2.618
310,"[204, 221]",2.711
310,"[78, 385]",2.728
310,"[64, 402]",2.753
310,"[204, 306]",2.979
310,"[266, 266]",3.19
310,"[266, 316]",3.227
310,"[78, 211]",3.93
310,"[266, 321]",10
311,"[266, 360]",0.014
311,"[30, 266]",0.05
311,"[266, 440]",0.053
311,"[266, 434]",0.074
311,"[266, 371]",0.074
311,"[91, 315]",0.082
311,"[131, 375]",0.082
311,"[266, 294]",0.095
311,"[266, 402]",0.099
311,"[209, 266]",0.113
311,"[266, 267]",0.115
311,"[204, 266]",0.154
311,"[266, 370]",0.182
311,"[266, 355]",0.189
311,"[266, 382]",0.224
311,"[266, 385]",0.23
311,"[62, 266]",0.329
311,"[266, 322]",0.483
311,"[30, 237]",1.426
311,"[64, 237]",1.607
311,"[209, 367]",1.762
311,"[266, 404]",1.993
311,"[131, 211]",2.109
311,"[18, 375]",2.349
311,"[204, 437]",2.449
311,"[10, 266]",2.549
311,"[204, 321]",2.988
311,"[312, 321]",3.117
311,"[266, 316]",3.227
311,"[211, 359]",3.345
311,"[137, 157]",3.425
311,"[155, 306]",3.863
312,"[266, 360]",0.014
312,"[30, 266]",0.05
312,"[266, 440]",0.053
312,"[266, 434]",0.074
312,"[266, 371]",0.074
312,"[91, 315]",0.082
312,"[131, 375]",0.082
312,"[266, 294]",0.095
312,"[266, 402]",0.099
312,"[209, 266]",0.113
312,"[266, 267]",0.115
312,"[204, 266]",0.154
312,"[266, 370]",0.182
312,"[266, 355]",0.189
312,"[266, 382]",0.224
312,"[266, 385]",0.23
312,"[266, 366]",0.88
312,"[155, 237]",1.246
312,"[21, 237]",1.439
312,"[131, 157]",1.976
312,"[30, 402]",1.99
312,"[204, 402]",2.103
312,"[203, 382]",2.312
312,"[312, 373]",2.36
312,"[108, 360]",2.441
312,"[163, 266]",2.472
312,"[266, 375]",3.422
312,"[137, 321]",4.03
312,"[38, 382]",4.144
312,"[211, 368]",4.224
312,"[153, 266]",10
312,"[91, 230]",10
313,"[266, 360]",0.014
313,"[30, 266]",0.05
313,"[266, 440]",0.053
313,"[266, 434]",0.074
313,"[266, 371]",0.074
313,"[91, 315]",0.082
313,"[131, 375]",0.082
313,"[266, 294]",0.095
313,"[266, 402]",0.099
313,"[209, 266]",0.113
313,"[266, 267]",0.115
313,"[204, 266]",0.154
313,"[266, 370]",0.182
313,"[266, 355]",0.189
313,"[266, 382]",0.224
313,"[266, 385]",0.23
313,"[30, 375]",0.313
313,"[21, 237]",1.439
313,"[91, 100]",1.896
313,"[30, 390]",1.962
313,"[131, 170]",2.121
313,"[163, 270]",2.218
313,"[237, 266]",2.28
313,"[204, 440]",2.539
313,"[157, 246]",2.599
313,"[224, 385]",2.79
313,"[63, 375]",2.944
313,"[137, 195]",3.173
313,"[266, 375]",3.422
313,"[137, 211]",4.036
313,"[38, 382]",4.144
313,"[131, 230]",10
314,"[266, 360]",0.014
314,"[30, 266]",0.05
314,"[266, 440]",0.053
314,"[266, 434]",0.074
314,"[266, 371]",0.074
314,"[91, 315]",0.082
314,"[131, 375]",0.082
314,"[266, 294]",0.095
314,"[266, 402]",0.099
314,"[209, 266]",0.113
314,"[266, 267]",0.115
314,"[204, 266]",0.154
314,"[266, 370]",0.182
314,"[266, 355]",0.189
314,"[266, 382]",0.224
314,"[266, 385]",0.23
314,"[195, 266]",1.151
314,"[131, 165]",1.832
314,"[230, 266]",1.92
314,"[119, 266]",1.926
314,"[131, 249]",2.077
314,"[30, 236]",2.13
314,"[100, 163]",2.166
314,"[163, 271]",2.245
314,"[21, 382]",2.579
314,"[112, 434]",2.687
314,"[366, 382]",2.937
314,"[340, 434]",2.987
314,"[246, 377]",3.372
314,"[266, 375]",3.422
314,"[137, 375]",4.556
314,"[201, 266]",10
315,"[266, 360]",0.014
315,"[30, 266]",0.05
315,"[266, 440]",0.053
315,"[266, 434]",0.074
315,"[266, 371]",0.074
315,"[91, 315]",0.082
315,"[131, 375]",0.082
315,"[266, 294]",0.095
315,"[266, 402]",0.099
315,"[209, 266]",0.113
315,"[266, 267]",0.115
315,"[204, 266]",0.154
315,"[266, 370]",0.182
315,"[266, 355]",0.189
315,"[266, 382]",0.224
315,"[266, 385]",0.23
315,"[21, 131]",2.103
315,"[248, 271]",2.274
315,"[201, 402]",2.387
315,"[219, 370]",2.491
315,"[151, 165]",2.554
315,"[184, 267]",2.721
315,"[146, 402]",2.82
315,"[265, 266]",2.878
315,"[30, 66]",2.925
315,"[110, 266]",2.949
315,"[377, 424]",3.112
315,"[266, 266]",3.19
315,"[266, 375]",3.422
315,"[152, 236]",10
315,"[35, 266]",10
315,"[266, 429]",10
316,"[266, 360]",0.014
316,"[30, 266]",0.05
316,"[266, 440]",0.053
316,"[266, 434]",0.074
316,"[266, 371]",0.074
316,"[91, 315]",0.082
316,"[131, 375]",0.082
316,"[266, 294]",0.095
316,"[266, 402]",0.099
316,"[209, 266]",0.113
316,"[266, 267]",0.115
316,"[204, 266]",0.154
316,"[266, 370]",0.182
316,"[266, 355]",0.189
316,"[266, 382]",0.224
316,"[266, 385]",0.23
316,"[165, 266]",1.433
316,"[204, 434]",2.219
316,"[237, 266]",2.28
316,"[13, 266]",2.339
316,"[266, 357]",2.443
316,"[294, 359]",2.65
316,"[146, 402]",2.82
316,"[234, 370]",2.943
316,"[110, 266]",2.949
316,"[184, 424]",3.019
316,"[266, 438]",3.086
316,"[151, 294]",3.43
316,"[152, 268]",3.455
316,"[209, 354]",3.851
316,"[152, 382]",10
316,"[266, 380]",10
317,"[266, 360]",0.014
317,"[30, 266]",0.05
317,"[266, 440]",0.053
317,"[266, 434]",0.074
317,"[266, 371]",0.074
317,"[91, 315]",0.082
317,"[131, 375]",0.082
317,"[266, 294]",0.095
317,"[266, 402]",0.099
317,"[209, 266]",0.113
317,"[266, 267]",0.115
317,"[204, 266]",0.154
317,"[266, 370]",0.182
317,"[266, 355]",0.189
317,"[266, 382]",0.224
317,"[266, 385]",0.23
317,"[266, 383]",0.255
317,"[234, 266]",0.303
317,"[266, 424]",0.329
317,"[237, 294]",1.457
317,"[96, 266]",2.018
317,"[315, 388]",2.197
317,"[204, 438]",2.205
317,"[100, 434]",2.214
317,"[50, 424]",2.434
317,"[54, 370]",2.497
317,"[375, 437]",2.864
317,"[209, 360]",2.99
317,"[266, 266]",3.19
317,"[25, 266]",3.231
317,"[209, 370]",3.353
317,"[234, 346]",3.67
318,"[266, 360]",0.014
318,"[30, 266]",0.05
318,"[266, 440]",0.053
318,"[266, 434]",0.074
318,"[266, 371]",0.074
318,"[91, 315]",0.082
318,"[131, 375]",0.082
318,"[266, 294]",0.095
318,"[266, 402]",0.099
318,"[209, 266]",0.113
318,"[266, 267]",0.115
318,"[204, 266]",0.154
318,"[266, 370]",0.182
318,"[266, 355]",0.189
318,"[266, 382]",0.224
318,"[266, 385]",0.23
318,"[266, 275]",0.27
318,"[139, 266]",1.326
318,"[204, 257]",2.152
318,"[96, 252]",2.192
318,"[173, 438]",2.361
318,"[244, 294]",2.549
318,"[3, 294]",2.785
318,"[266, 346]",2.901
318,"[266, 438]",3.086
318,"[355, 441]",3.163
318,"[267, 309]",3.277
318,"[266, 425]",3.354
318,"[234, 355]",3.526
318,"[209, 375]",3.66
318,"[77, 355]",3.872
318,"[76, 266]",10
319,"[266, 360]",0.014
319,"[30, 266]",0.05
319,"[266, 440]",0.053
319,"[266, 434]",0.074
319,"[266, 371]",0.074
319,"[91, 315]",0.082
319,"[131, 375]",0.082
319,"[266, 294]",0.095
319,"[266, 402]",0.099
319,"[209, 266]",0.113
319,"[266, 267]",0.115
319,"[204, 266]",0.154
319,"[266, 370]",0.182
319,"[266, 355]",0.189
319,"[266, 382]",0.224
319,"[266, 385]",0.23
319,"[309, 414]",1.792
319,"[140, 266]",1.869
319,"[91, 370]",1.934
319,"[257, 266]",1.946
319,"[209, 420]",1.997
319,"[96, 355]",2.135
319,"[15, 266]",2.179
319,"[204, 375]",2.223
319,"[266, 357]",2.443
319,"[142, 266]",2.75
319,"[234, 438]",2.84
319,"[244, 266]",2.862
319,"[355, 355]",3.391
319,"[64, 309]",3.401
319,"[173, 425]",3.886
319,"[255, 375]",3.925
320,"[266, 360]",0.014
320,"[30, 266]",0.05
320,"[266, 440]",0.053
320,"[266, 434]",0.074
320,"[266, 371]",0.074
320,"[91, 315]",0.082
320,"[131, 375]",0.082
320,"[266, 294]",0.095
320,"[266, 402]",0.099
320,"[209, 266]",0.113
320,"[266, 267]",0.115
320,"[204, 266]",0.154
320,"[266, 370]",0.182
320,"[266, 355]",0.189
320,"[266, 382]",0.224
320,"[266, 385]",0.23
320,"[266, 378]",0.658
320,"[14, 438]",2.352
320,"[15, 370]",2.402
320,"[64, 308]",2.43
320,"[266, 357]",2.443
320,"[266, 420]",2.477
320,"[138, 370]",2.548
320,"[244, 355]",2.555
320,"[266, 309]",2.681
320,"[266, 328]",2.761
320,"[306, 438]",2.808
320,"[208, 266]",3.031
320,"[164, 267]",3.09
320,"[266, 414]",3.12
320,"[266, 266]",3.19
320,"[34, 371]",3.924
321,"[266, 360]",0.014
321,"[30, 266]",0.05
321,"[266, 440]",0.053
321,"[266, 434]",0.074
321,"[266, 371]",0.074
321,"[91, 315]",0.082
321,"[131, 375]",0.082
321,"[266, 294]",0.095
321,"[266, 402]",0.099
321,"[209, 266]",0.113
321,"[266, 267]",0.115
321,"[204, 266]",0.154
321,"[266, 370]",0.182
321,"[266, 355]",0.189
321,"[266, 382]",0.224
321,"[266, 385]",0.23
321,"[266, 287]",0.281
321,"[396, 414]",1.056
321,"[165, 308]",2.056
321,"[244, 420]",2.096
321,"[275, 370]",2.287
321,"[330, 360]",2.347
321,"[266, 309]",2.681
321,"[164, 417]",2.738
321,"[64, 402]",2.753
321,"[138, 355]",2.858
321,"[371, 386]",2.861
321,"[14, 309]",3.0
321,"[266, 296]",3.223
321,"[266, 375]",3.422
321,"[267, 273]",3.474
321,"[266, 362]",10
322,"[266, 360]",0.014
322,"[30, 266]",0.05
322,"[266, 440]",0.053
322,"[266, 434]",0.074
322,"[266, 371]",0.074
322,"[91, 315]",0.082
322,"[131, 375]",0.082
322,"[266, 294]",0.095
322,"[266, 402]",0.099
322,"[209, 266]",0.113
322,"[266, 267]",0.115
322,"[204, 266]",0.154
322,"[266, 370]",0.182
322,"[266, 355]",0.189
322,"[266, 382]",0.224
322,"[266, 385]",0.23
322,"[91, 300]",1.931
322,"[86, 308]",2.169
322,"[204, 375]",2.223
322,"[129, 386]",2.238
322,"[308, 389]",2.369
322,"[216, 360]",2.607
322,"[53, 414]",2.628
322,"[266, 309]",2.681
322,"[267, 355]",2.796
322,"[258, 266]",3.109
322,"[64, 353]",3.11
322,"[259, 417]",3.117
322,"[266, 266]",3.19
322,"[64, 189]",3.324
322,"[151, 273]",3.337
322,"[266, 330]",10
323,"[266, 360]",0.014
323,"[30, 266]",0.05
323,"[266, 440]",0.053
323,"[266, 434]",0.074
323,"[266, 371]",0.074
323,"[91, 315]",0.082
323,"[131, 375]",0.082
323,"[266, 294]",0.095
323,"[266, 402]",0.099
323,"[209, 266]",0.113
323,"[266, 267]",0.115
323,"[204, 266]",0.154
323,"[266, 370]",0.182
323,"[266, 355]",0.189
323,"[266, 382]",0.224
323,"[266, 385]",0.23
323,"[206, 266]",0.829
323,"[214, 266]",1.85
323,"[176, 258]",2.047
323,"[103, 308]",2.172
323,"[91, 389]",2.266
323,"[254, 360]",2.428
323,"[266, 274]",2.504
323,"[113, 273]",2.518
323,"[259, 375]",2.869
323,"[3, 216]",2.887
323,"[86, 371]",3.138
323,"[266, 266]",3.19
323,"[129, 273]",3.539
323,"[372, 375]",3.943
323,"[30, 205]",4.629
323,"[41, 266]",10
324,"[266, 360]",0.014
324,"[30, 266]",0.05
324,"[266, 440]",0.053
324,"[266, 434]",0.074
324,"[266, 371]",0.074
324,"[91, 315]",0.082
324,"[131, 375]",0.082
324,"[266, 294]",0.095
324,"[266, 402]",0.099
324,"[209, 266]",0.113
324,"[266, 267]",0.115
324,"[204, 266]",0.154
324,"[266, 370]",0.182
324,"[266, 355]",0.189
324,"[266, 382]",0.224
324,"[266, 385]",0.23
324,"[41, 273]",0.492
324,"[254, 266]",1.676
324,"[30, 370]",2.059
324,"[103, 432]",2.105
324,"[91, 216]",2.106
324,"[30, 389]",2.447
324,"[86, 354]",2.456
324,"[214, 360]",2.458
324,"[360, 437]",2.462
324,"[129, 161]",2.588
324,"[129, 267]",2.641
324,"[267, 375]",2.693
324,"[75, 382]",2.72
324,"[86, 294]",2.723
324,"[294, 319]",3.011
324,"[244, 371]",3.559
325,"[266, 360]",0.014
325,"[30, 266]",0.05
325,"[266, 440]",0.053
325,"[266, 434]",0.074
325,"[266, 371]",0.074
325,"[91, 315]",0.082
325,"[131, 375]",0.082
325,"[266, 294]",0.095
325,"[266, 402]",0.099
325,"[209, 266]",0.113
325,"[266, 267]",0.115
325,"[204, 266]",0.154
325,"[266, 370]",0.182
325,"[266, 355]",0.189
325,"[266, 382]",0.224
325,"[266, 385]",0.23
325,"[266, 279]",0.533
325,"[30, 432]",1.904
325,"[30, 385]",2.092
325,"[30, 382]",2.115
325,"[95, 294]",2.394
325,"[204, 334]",2.552
325,"[103, 437]",2.645
325,"[75, 354]",2.723
325,"[370, 372]",2.825
325,"[85, 103]",2.847
325,"[266, 314]",2.925
325,"[19, 389]",2.998
325,"[155, 267]",3.488
325,"[254, 273]",4.021
325,"[266, 432]",10
325,"[131, 266]",10
326,"[266, 360]",0.014
326,"[30, 266]",0.05
326,"[266, 440]",0.053
326,"[266, 434]",0.074
326,"[266, 371]",0.074
326,"[91, 315]",0.082
326,"[131, 375]",0.082
326,"[266, 294]",0.095
326,"[266, 402]",0.099
326,"[209, 266]",0.113
326,"[266, 267]",0.115
326,"[204, 266]",0.154
326,"[266, 370]",0.182
326,"[266, 355]",0.189
326,"[266, 382]",0.224
326,"[266, 385]",0.23
326,"[52, 266]",0.566
326,"[131, 204]",1.839
326,"[131, 300]",1.945
326,"[318, 434]",2.194
326,"[204, 370]",2.237
326,"[254, 286]",2.603
326,"[85, 360]",2.614
326,"[213, 385]",2.811
326,"[266, 437]",2.879
326,"[355, 377]",3.409
326,"[266, 375]",3.422
326,"[283, 375]",3.445
326,"[225, 294]",3.637
326,"[70, 273]",4.137
326,"[266, 291]",10
326,"[266, 432]",10
